# Data directory: /Users/mmortonson/Documents/Computing/Code/MachineLearning/kaggle/seizure_prediction/data/Dog_1
# Columns:
#  hour
#  type
#  mean
#  std. dev. of means
#  mean of std. devs.
#  std. dev. of std. devs.
#  max dev.
0.0000e+00 0.0000e+00 -1.7079e-03 2.3866e-01 2.3853e+01 1.2236e+01 4.8205e+02
0.0000e+00 0.0000e+00 5.6326e-02 2.7134e-01 2.2594e+01 1.3918e+01 3.9279e+02
0.0000e+00 0.0000e+00 4.4001e-03 2.8940e-01 2.4105e+01 1.5666e+01 1.0104e+03
0.0000e+00 0.0000e+00 1.6942e-02 2.6095e-01 2.0947e+01 1.6841e+01 5.7922e+02
0.0000e+00 0.0000e+00 7.6249e-02 2.5868e-01 2.1285e+01 1.6969e+01 4.2528e+02
0.0000e+00 0.0000e+00 1.6389e-02 2.6971e-01 2.1527e+01 1.3334e+01 4.8267e+02
1.0000e+00 0.0000e+00 6.4370e-03 2.9367e-01 1.9635e+01 9.8453e+00 5.2029e+02
1.0000e+00 0.0000e+00 6.9789e-03 3.3355e-01 2.3183e+01 8.2192e+00 3.0839e+02
1.0000e+00 0.0000e+00 -5.6643e-02 2.8400e-01 2.3934e+01 8.0220e+00 5.7561e+02
1.0000e+00 0.0000e+00 1.0061e-02 3.0919e-01 1.7743e+01 7.5651e+00 2.7134e+02
1.0000e+00 0.0000e+00 6.9253e-02 3.0179e-01 2.4101e+01 8.9055e+00 5.1647e+02
1.0000e+00 0.0000e+00 -5.0077e-02 2.9785e-01 2.1618e+01 6.8480e+00 6.7495e+02
2.0000e+00 0.0000e+00 1.6904e-02 2.6701e-01 1.7997e+01 8.6301e+00 3.8257e+02
2.0000e+00 0.0000e+00 1.8588e-02 2.4961e-01 1.6999e+01 7.8725e+00 3.6286e+02
2.0000e+00 0.0000e+00 -1.1330e-01 1.9822e-01 1.6983e+01 8.9164e+00 3.2400e+02
2.0000e+00 0.0000e+00 -5.5260e-02 2.8633e-01 1.8934e+01 1.1466e+01 6.6018e+02
2.0000e+00 0.0000e+00 -4.5527e-02 2.4683e-01 1.7909e+01 9.5423e+00 3.1851e+02
2.0000e+00 0.0000e+00 8.0268e-02 2.5936e-01 2.0196e+01 1.0109e+01 4.8958e+02
3.0000e+00 0.0000e+00 1.7439e-01 2.5461e-01 2.3741e+01 1.1771e+01 4.0541e+02
3.0000e+00 0.0000e+00 4.9344e-02 2.6400e-01 2.5517e+01 1.1783e+01 5.7099e+02
3.0000e+00 0.0000e+00 5.1139e-02 2.7687e-01 2.3369e+01 1.5120e+01 6.4357e+02
3.0000e+00 0.0000e+00 1.1984e-01 2.6558e-01 2.3320e+01 1.2157e+01 4.2838e+02
3.0000e+00 0.0000e+00 5.6755e-02 2.5145e-01 2.2468e+01 1.5022e+01 3.7144e+02
3.0000e+00 0.0000e+00 5.7327e-02 2.4104e-01 2.5955e+01 1.1469e+01 4.8082e+02
4.0000e+00 0.0000e+00 -4.8576e-02 2.7482e-01 2.7553e+01 1.0315e+01 8.3725e+02
4.0000e+00 0.0000e+00 2.2543e-02 2.5746e-01 2.5640e+01 8.3279e+00 9.6242e+02
4.0000e+00 0.0000e+00 -3.0420e-02 2.8157e-01 1.6677e+01 5.2874e+00 3.7148e+02
4.0000e+00 0.0000e+00 -1.0477e-01 2.1961e-01 2.1733e+01 7.3733e+00 6.0795e+02
4.0000e+00 0.0000e+00 7.5181e-02 2.4234e-01 2.1811e+01 5.6662e+00 4.3983e+02
4.0000e+00 0.0000e+00 -1.1425e-01 2.1529e-01 2.0346e+01 7.0174e+00 4.3293e+02
5.0000e+00 0.0000e+00 -9.0028e-02 2.9547e-01 1.4898e+01 3.2236e+00 2.3328e+02
5.0000e+00 0.0000e+00 2.3513e-02 3.2198e-01 1.4803e+01 3.3940e+00 2.3751e+02
5.0000e+00 0.0000e+00 7.7889e-02 3.1016e-01 1.4451e+01 3.0351e+00 1.9089e+02
5.0000e+00 0.0000e+00 -5.9687e-02 3.1252e-01 2.7553e+01 7.7153e+00 6.6156e+02
5.0000e+00 0.0000e+00 1.1316e-03 3.2132e-01 2.9978e+01 8.6166e+00 4.8654e+02
5.0000e+00 0.0000e+00 -1.1668e-01 3.1544e-01 2.8304e+01 8.3423e+00 5.6594e+02
6.0000e+00 0.0000e+00 -1.2399e-01 2.8518e-01 1.8086e+01 9.0569e+00 5.8475e+02
6.0000e+00 0.0000e+00 -6.1706e-02 2.8991e-01 2.1152e+01 6.4132e+00 3.5672e+02
6.0000e+00 0.0000e+00 -5.6566e-04 2.8147e-01 2.5481e+01 7.6106e+00 5.4935e+02
6.0000e+00 0.0000e+00 -1.5533e-03 2.7506e-01 2.6895e+01 1.4977e+01 1.8890e+03
6.0000e+00 0.0000e+00 -6.1635e-02 2.8507e-01 2.1872e+01 6.6834e+00 3.9528e+02
6.0000e+00 0.0000e+00 -1.2714e-01 2.4070e-01 2.3601e+01 8.6673e+00 7.8111e+02
7.0000e+00 0.0000e+00 1.5945e-03 2.6619e-01 1.7555e+01 5.4384e+00 4.1304e+02
7.0000e+00 0.0000e+00 1.3078e-01 2.4418e-01 2.6443e+01 7.0322e+00 7.7766e+02
7.0000e+00 0.0000e+00 -3.9100e-02 2.5333e-01 2.4866e+01 7.0252e+00 7.4649e+02
7.0000e+00 0.0000e+00 1.1175e-03 2.2683e-01 2.2204e+01 6.5861e+00 2.7292e+02
7.0000e+00 0.0000e+00 -9.8093e-03 2.8016e-01 1.9954e+01 6.4350e+00 3.6310e+02
7.0000e+00 0.0000e+00 4.3952e-02 2.4785e-01 2.4989e+01 6.8409e+00 4.0898e+02
8.0000e+00 0.0000e+00 -5.9054e-02 2.6617e-01 1.7720e+01 1.0438e+01 3.3872e+02
8.0000e+00 0.0000e+00 3.4367e-03 2.9693e-01 1.7508e+01 9.7398e+00 2.5472e+02
8.0000e+00 0.0000e+00 -5.4838e-02 2.9009e-01 1.8518e+01 1.2627e+01 2.6457e+02
8.0000e+00 0.0000e+00 -5.8229e-02 2.6541e-01 1.8818e+01 1.1542e+01 2.4899e+02
8.0000e+00 0.0000e+00 -5.9569e-02 2.5799e-01 2.0469e+01 1.2939e+01 3.3464e+02
8.0000e+00 0.0000e+00 -4.8076e-02 2.9551e-01 2.0965e+01 1.3431e+01 3.2091e+02
9.0000e+00 0.0000e+00 1.7645e-02 2.7332e-01 2.0124e+01 5.1955e+00 2.9154e+02
9.0000e+00 0.0000e+00 1.0112e-02 2.8995e-01 2.1177e+01 4.5911e+00 4.6275e+02
9.0000e+00 0.0000e+00 -5.7600e-02 2.4753e-01 2.4425e+01 5.8376e+00 6.0600e+02
9.0000e+00 0.0000e+00 6.2870e-02 2.9975e-01 2.3353e+01 5.7244e+00 4.4755e+02
9.0000e+00 0.0000e+00 1.2147e-01 2.3803e-01 2.1550e+01 4.7402e+00 4.9256e+02
9.0000e+00 0.0000e+00 5.5976e-02 3.1574e-01 1.8356e+01 4.0305e+00 4.7549e+02
1.0000e+01 0.0000e+00 1.3724e-02 1.8353e-01 1.8404e+01 4.5298e+00 5.9492e+02
1.0000e+01 0.0000e+00 -4.0636e-02 2.0213e-01 1.8277e+01 4.4833e+00 3.4861e+02
1.0000e+01 0.0000e+00 9.0955e-02 2.2818e-01 1.6568e+01 4.0223e+00 5.3588e+02
1.0000e+01 0.0000e+00 1.9846e-02 1.7167e-01 1.3798e+01 3.2896e+00 1.1305e+02
1.0000e+01 0.0000e+00 -3.7433e-02 1.8110e-01 1.4214e+01 3.3430e+00 1.7989e+02
1.0000e+01 0.0000e+00 1.4129e-02 2.0455e-01 1.4194e+01 3.2412e+00 3.1687e+02
1.1000e+01 0.0000e+00 -4.2044e-02 2.6846e-01 3.2679e+01 1.0999e+01 3.0015e+02
1.1000e+01 0.0000e+00 2.8488e-02 2.4823e-01 3.0913e+01 9.3194e+00 2.5113e+02
1.1000e+01 0.0000e+00 3.1412e-02 2.0079e-01 3.6117e+01 1.4786e+01 7.2162e+02
1.1000e+01 0.0000e+00 -2.4855e-02 2.5248e-01 2.2716e+01 7.6404e+00 8.1312e+02
1.1000e+01 0.0000e+00 6.4865e-03 2.9142e-01 1.5497e+01 3.1741e+00 2.1897e+02
1.1000e+01 0.0000e+00 6.1110e-02 2.9563e-01 1.9236e+01 4.7439e+00 3.9241e+02
1.2000e+01 0.0000e+00 3.4989e-02 2.4283e-01 2.6768e+01 8.2365e+00 6.2208e+02
1.2000e+01 0.0000e+00 3.7086e-02 2.5865e-01 2.1894e+01 7.8322e+00 5.7389e+02
1.2000e+01 0.0000e+00 -2.5698e-02 2.3435e-01 2.3692e+01 6.9331e+00 5.7780e+02
1.2000e+01 0.0000e+00 3.6232e-02 2.7408e-01 2.3705e+01 6.8109e+00 7.2341e+02
1.2000e+01 0.0000e+00 -2.5442e-02 2.6328e-01 2.4139e+01 6.7451e+00 7.0121e+02
1.2000e+01 0.0000e+00 -9.3852e-02 2.0080e-01 2.5383e+01 7.5187e+00 8.8312e+02
1.3000e+01 0.0000e+00 1.0782e-01 2.6090e-01 1.7465e+01 5.1708e+00 2.1736e+02
1.3000e+01 0.0000e+00 1.0282e-01 2.6118e-01 1.6733e+01 4.3358e+00 2.8872e+02
1.3000e+01 0.0000e+00 -2.7481e-02 2.9096e-01 1.9700e+01 5.8703e+00 5.6036e+02
1.3000e+01 0.0000e+00 -1.0230e-01 2.8427e-01 2.2165e+01 6.8828e+00 5.3738e+02
1.3000e+01 0.0000e+00 1.7027e-02 2.6673e-01 2.1019e+01 6.3708e+00 5.0084e+02
1.3000e+01 0.0000e+00 1.3517e-01 2.2724e-01 2.2758e+01 6.7392e+00 5.6998e+02
1.4000e+01 0.0000e+00 7.0838e-02 2.8897e-01 2.2904e+01 6.1484e+00 4.5665e+02
1.4000e+01 0.0000e+00 1.0795e-02 3.0769e-01 2.1650e+01 5.6228e+00 5.4462e+02
1.4000e+01 0.0000e+00 2.0069e-02 3.0016e-01 1.7485e+01 3.9455e+00 2.2640e+02
1.4000e+01 0.0000e+00 3.6942e-03 2.6652e-01 1.7378e+01 4.7110e+00 4.0726e+02
1.4000e+01 0.0000e+00 1.8501e-01 2.4486e-01 2.2790e+01 8.0362e+00 1.0953e+03
1.4000e+01 0.0000e+00 1.3041e-01 2.9020e-01 2.3522e+01 6.5445e+00 4.0731e+02
1.5000e+01 0.0000e+00 4.7522e-02 2.2103e-01 2.6812e+01 9.4212e+00 4.5970e+02
1.5000e+01 0.0000e+00 -1.2041e-02 2.4665e-01 2.3725e+01 1.1462e+01 4.0519e+02
1.5000e+01 0.0000e+00 4.8786e-02 2.9601e-01 2.4622e+01 1.1787e+01 5.7089e+02
1.5000e+01 0.0000e+00 5.2527e-02 2.7987e-01 2.3649e+01 1.5402e+01 6.4347e+02
1.5000e+01 0.0000e+00 1.1921e-01 2.6006e-01 2.3800e+01 1.2157e+01 4.2811e+02
1.5000e+01 0.0000e+00 5.7117e-02 2.3262e-01 2.2436e+01 1.5153e+01 3.0595e+02
1.6000e+01 0.0000e+00 -2.6812e-02 2.5272e-01 2.7925e+01 9.3220e+00 7.9709e+02
1.6000e+01 0.0000e+00 -1.8354e-02 2.5502e-01 2.0946e+01 6.1578e+00 9.0878e+02
1.6000e+01 0.0000e+00 -7.1660e-02 2.4615e-01 1.7215e+01 5.0640e+00 2.6781e+02
1.6000e+01 0.0000e+00 -1.0042e-02 2.9408e-01 1.6955e+01 5.0278e+00 3.4982e+02
1.6000e+01 0.0000e+00 -7.5426e-02 2.6677e-01 1.7955e+01 5.7738e+00 4.8802e+02
1.6000e+01 0.0000e+00 -1.2428e-02 2.8788e-01 1.8362e+01 6.2678e+00 2.7247e+02
1.7000e+01 0.0000e+00 5.5958e-02 2.9868e-01 1.8639e+01 1.0394e+01 5.7848e+02
1.7000e+01 0.0000e+00 1.1198e-01 2.5544e-01 2.1800e+01 9.2264e+00 4.6154e+02
1.7000e+01 0.0000e+00 -9.9707e-03 2.7535e-01 2.0437e+01 1.1511e+01 3.2749e+02
1.7000e+01 0.0000e+00 1.1702e-01 2.2495e-01 2.2465e+01 8.6609e+00 4.1809e+02
1.7000e+01 0.0000e+00 4.6586e-02 2.8694e-01 2.6129e+01 8.2857e+00 5.0971e+02
1.7000e+01 0.0000e+00 -1.2057e-02 3.1289e-01 2.2328e+01 9.1792e+00 5.1347e+02
1.8000e+01 0.0000e+00 7.1878e-02 2.8216e-01 1.9473e+01 5.0030e+00 6.5199e+02
1.8000e+01 0.0000e+00 -5.5190e-02 3.0422e-01 2.0327e+01 5.4168e+00 5.1404e+02
1.8000e+01 0.0000e+00 1.3852e-03 2.8784e-01 2.3093e+01 6.4372e+00 3.4988e+02
1.8000e+01 0.0000e+00 -6.8545e-02 2.7549e-01 2.5601e+01 6.5699e+00 4.9096e+02
1.8000e+01 0.0000e+00 -6.1574e-02 3.1201e-01 2.0458e+01 5.3896e+00 3.1819e+02
1.8000e+01 0.0000e+00 1.3263e-03 2.7023e-01 2.2663e+01 5.5634e+00 8.1083e+02
1.9000e+01 0.0000e+00 -3.0888e-02 2.2953e-01 2.5119e+01 9.5991e+00 1.0955e+03
1.9000e+01 0.0000e+00 3.8492e-02 2.3306e-01 2.5443e+01 8.5433e+00 6.6240e+02
1.9000e+01 0.0000e+00 1.0161e-01 2.3746e-01 2.3499e+01 7.1645e+00 7.6337e+02
1.9000e+01 0.0000e+00 -2.7657e-02 2.3678e-01 2.7046e+01 8.2847e+00 6.2202e+02
1.9000e+01 0.0000e+00 -2.5476e-02 2.6141e-01 2.2035e+01 7.6390e+00 6.0890e+02
1.9000e+01 0.0000e+00 -2.6146e-02 2.4121e-01 2.3231e+01 7.0398e+00 5.7778e+02
2.0000e+01 0.0000e+00 1.7575e-02 3.4281e-01 1.5959e+01 3.2816e+00 3.3847e+02
2.0000e+01 0.0000e+00 7.8197e-02 2.9372e-01 1.6543e+01 3.7981e+00 4.1956e+02
2.0000e+01 0.0000e+00 7.6304e-02 3.1863e-01 2.2778e+01 7.2114e+00 5.8653e+02
2.0000e+01 0.0000e+00 -4.7938e-02 3.2221e-01 1.8573e+01 5.1788e+00 8.1553e+02
2.0000e+01 0.0000e+00 -4.7560e-02 3.2449e-01 2.4568e+01 7.6882e+00 6.1045e+02
2.0000e+01 0.0000e+00 -4.4618e-02 3.3590e-01 2.4412e+01 7.6786e+00 5.5050e+02
2.1000e+01 0.0000e+00 4.3054e-02 2.5923e-01 2.1744e+01 5.0106e+00 3.8562e+02
2.1000e+01 0.0000e+00 -1.6713e-02 2.8562e-01 1.9491e+01 5.6827e+00 5.3093e+02
2.1000e+01 0.0000e+00 -6.4808e-02 3.2168e-01 2.1767e+01 9.6019e+00 5.2577e+02
2.1000e+01 0.0000e+00 5.7578e-02 3.1061e-01 2.0312e+01 8.4954e+00 5.4408e+02
2.1000e+01 0.0000e+00 -8.0195e-03 3.3972e-01 2.0178e+01 6.6476e+00 6.7861e+02
2.1000e+01 0.0000e+00 -7.2591e-02 3.6788e-01 2.1666e+01 4.6891e+00 4.0553e+02
2.2000e+01 0.0000e+00 7.3064e-02 2.4902e-01 1.9929e+01 6.0568e+00 3.9319e+02
2.2000e+01 0.0000e+00 3.1825e-03 2.6712e-01 2.6607e+01 7.9702e+00 5.1425e+02
2.2000e+01 0.0000e+00 5.7655e-02 2.8297e-01 2.6314e+01 7.9763e+00 4.5735e+02
2.2000e+01 0.0000e+00 -4.1230e-03 2.8208e-01 2.2826e+01 6.9728e+00 4.6081e+02
2.2000e+01 0.0000e+00 -5.8938e-03 2.7519e-01 1.7131e+01 6.2660e+00 2.9587e+02
2.2000e+01 0.0000e+00 -9.7931e-03 2.5047e-01 2.4108e+01 8.3398e+00 3.6047e+02
2.3000e+01 0.0000e+00 5.9910e-03 1.9557e-01 2.7233e+01 6.7451e+00 6.1888e+02
2.3000e+01 0.0000e+00 8.3435e-02 2.5471e-01 1.8529e+01 6.0644e+00 3.4542e+02
2.3000e+01 0.0000e+00 2.6914e-02 2.4990e-01 1.9358e+01 7.4412e+00 4.8268e+02
2.3000e+01 0.0000e+00 9.7644e-02 2.4800e-01 1.8488e+01 6.8906e+00 3.1659e+02
2.3000e+01 0.0000e+00 1.0517e-01 2.3171e-01 1.7327e+01 5.3163e+00 5.9713e+02
2.3000e+01 0.0000e+00 3.2507e-02 2.1602e-01 2.1112e+01 5.7900e+00 5.0211e+02
2.4000e+01 0.0000e+00 -6.9479e-03 2.9436e-01 1.6486e+01 3.4706e+00 5.0698e+02
2.4000e+01 0.0000e+00 5.4224e-02 3.1056e-01 1.6436e+01 3.6719e+00 3.2652e+02
2.4000e+01 0.0000e+00 5.5019e-02 2.7764e-01 1.9697e+01 4.8387e+00 8.1795e+02
2.4000e+01 0.0000e+00 1.1194e-01 2.8649e-01 1.9684e+01 6.2400e+00 6.7252e+02
2.4000e+01 0.0000e+00 1.0923e-01 2.6300e-01 2.3776e+01 7.6348e+00 8.0537e+02
2.4000e+01 0.0000e+00 -1.2036e-02 2.8158e-01 1.6747e+01 3.6155e+00 5.6374e+02
2.5000e+01 0.0000e+00 -2.4998e-02 2.3710e-01 2.0578e+01 8.1206e+00 3.4424e+02
2.5000e+01 0.0000e+00 -1.3715e-02 2.1610e-01 2.1037e+01 1.0386e+01 3.7168e+02
2.5000e+01 0.0000e+00 4.9690e-02 2.3724e-01 1.8113e+01 8.3367e+00 2.8149e+02
2.5000e+01 0.0000e+00 4.8733e-02 2.3142e-01 1.6610e+01 5.7083e+00 2.9059e+02
2.5000e+01 0.0000e+00 4.7337e-02 2.1875e-01 1.8290e+01 8.4113e+00 4.8720e+02
2.5000e+01 0.0000e+00 -8.2296e-02 2.1250e-01 1.9128e+01 7.6300e+00 5.7798e+02
2.6000e+01 0.0000e+00 -1.0039e-01 2.6749e-01 2.1455e+01 1.2464e+01 6.0309e+02
2.6000e+01 0.0000e+00 -1.0180e-01 2.4373e-01 2.6304e+01 1.1538e+01 9.1102e+02
2.6000e+01 0.0000e+00 8.4766e-02 1.9568e-01 2.3453e+01 1.5045e+01 7.4182e+02
2.6000e+01 0.0000e+00 1.9184e-02 2.1335e-01 2.1184e+01 1.1685e+01 7.7291e+02
2.6000e+01 0.0000e+00 -1.0311e-01 2.3900e-01 2.1473e+01 1.0520e+01 7.0469e+02
2.6000e+01 0.0000e+00 2.7649e-02 2.5346e-01 2.3286e+01 1.3475e+01 7.0822e+02
2.7000e+01 0.0000e+00 -4.3571e-02 3.1382e-01 1.5778e+01 3.9286e+00 3.6258e+02
2.7000e+01 0.0000e+00 -4.0216e-02 3.2169e-01 1.8480e+01 5.0057e+00 5.8843e+02
2.7000e+01 0.0000e+00 7.7918e-02 3.1025e-01 1.6538e+01 3.5763e+00 5.6047e+02
2.7000e+01 0.0000e+00 1.3021e-02 3.2498e-01 1.6645e+01 3.7686e+00 5.0957e+02
2.7000e+01 0.0000e+00 7.7097e-02 2.7587e-01 2.2565e+01 7.1003e+00 4.4258e+02
2.7000e+01 0.0000e+00 -5.0566e-02 3.1519e-01 2.3018e+01 5.7077e+00 5.5457e+02
2.8000e+01 0.0000e+00 -2.3199e-02 2.9051e-01 1.6104e+01 3.6053e+00 2.1319e+02
2.8000e+01 0.0000e+00 -1.4701e-01 2.5856e-01 1.8335e+01 3.6526e+00 3.0485e+02
2.8000e+01 0.0000e+00 4.8700e-02 3.0162e-01 1.7182e+01 3.4987e+00 2.6646e+02
2.8000e+01 0.0000e+00 -2.2613e-02 2.7770e-01 4.1676e+01 1.1527e+01 1.3875e+03
2.8000e+01 0.0000e+00 7.5356e-02 2.6050e-01 3.3957e+01 1.1416e+01 6.7917e+02
2.8000e+01 0.0000e+00 8.3349e-02 2.7170e-01 3.0388e+01 1.0033e+01 6.6016e+02
2.9000e+01 0.0000e+00 -3.4570e-02 3.2681e-01 1.8318e+01 5.3920e+00 5.3438e+02
2.9000e+01 0.0000e+00 2.0050e-02 3.2032e-01 2.6139e+01 7.5758e+00 2.9648e+02
2.9000e+01 0.0000e+00 -3.2904e-02 3.0510e-01 1.8602e+01 5.0360e+00 5.5936e+02
2.9000e+01 0.0000e+00 -4.0081e-02 3.0951e-01 2.7933e+01 7.6670e+00 3.6218e+02
2.9000e+01 0.0000e+00 2.4634e-02 2.9922e-01 1.8150e+01 5.2139e+00 5.0974e+02
2.9000e+01 0.0000e+00 1.9142e-02 2.9773e-01 1.8672e+01 5.3424e+00 4.3323e+02
3.0000e+01 0.0000e+00 1.6095e-02 2.7252e-01 1.7070e+01 2.9706e+00 2.9368e+02
3.0000e+01 0.0000e+00 1.3800e-02 2.9310e-01 1.9478e+01 3.7946e+00 6.1915e+02
3.0000e+01 0.0000e+00 -4.8171e-02 2.5274e-01 2.1230e+01 4.3670e+00 8.5578e+02
3.0000e+01 0.0000e+00 1.2783e-02 2.8874e-01 1.6763e+01 3.5093e+00 6.1007e+02
3.0000e+01 0.0000e+00 -1.0972e-01 2.4973e-01 1.6666e+01 3.2797e+00 1.8159e+02
3.0000e+01 0.0000e+00 -4.6850e-02 2.8399e-01 1.6148e+01 3.4838e+00 3.3186e+02
3.1000e+01 0.0000e+00 -5.6396e-03 2.9240e-01 2.1578e+01 8.4954e+00 6.0331e+02
3.1000e+01 0.0000e+00 -6.0539e-02 3.0612e-01 1.8986e+01 4.4037e+00 4.0362e+02
3.1000e+01 0.0000e+00 -6.4715e-02 2.6219e-01 1.9485e+01 6.9149e+00 7.1462e+02
3.1000e+01 0.0000e+00 -4.5260e-02 2.8265e-01 1.9353e+01 5.2793e+00 4.1437e+02
3.1000e+01 0.0000e+00 -4.3590e-02 2.8431e-01 2.6223e+01 1.0073e+01 1.3503e+03
3.1000e+01 0.0000e+00 7.7054e-02 2.5797e-01 2.0283e+01 4.9897e+00 3.7981e+02
3.2000e+01 0.0000e+00 9.3975e-02 2.3024e-01 1.9705e+01 9.0852e+00 3.5381e+02
3.2000e+01 0.0000e+00 4.6932e-02 2.4618e-01 2.1662e+01 1.2704e+01 1.3215e+03
3.2000e+01 0.0000e+00 -1.5731e-02 2.5230e-01 1.8569e+01 1.1222e+01 2.6151e+02
3.2000e+01 0.0000e+00 -1.9064e-02 2.3973e-01 1.8319e+01 1.0354e+01 2.6703e+02
3.2000e+01 0.0000e+00 -2.3881e-02 2.6045e-01 1.8077e+01 9.4833e+00 2.5230e+02
3.2000e+01 0.0000e+00 3.7288e-02 2.2211e-01 1.8248e+01 1.0545e+01 2.9633e+02
3.3000e+01 0.0000e+00 1.3704e-02 2.6765e-01 1.8596e+01 6.6468e+00 9.8501e+02
3.3000e+01 0.0000e+00 1.8164e-02 2.4997e-01 1.7242e+01 5.5502e+00 5.0827e+02
3.3000e+01 0.0000e+00 -5.1392e-02 2.6891e-01 2.3428e+01 7.1993e+00 4.6825e+02
3.3000e+01 0.0000e+00 6.7518e-02 2.7456e-01 2.6740e+01 7.7931e+00 4.8024e+02
3.3000e+01 0.0000e+00 6.1999e-02 2.9930e-01 2.4533e+01 7.4090e+00 6.6663e+02
3.3000e+01 0.0000e+00 6.3834e-02 2.7657e-01 2.3041e+01 7.1663e+00 7.9364e+02
3.4000e+01 0.0000e+00 -1.5116e-02 2.8516e-01 1.9768e+01 7.7546e+00 4.5316e+02
3.4000e+01 0.0000e+00 5.2581e-02 2.6216e-01 1.7855e+01 8.8014e+00 2.9111e+02
3.4000e+01 0.0000e+00 1.2104e-01 3.4129e-01 2.1505e+01 8.4611e+00 2.6050e+02
3.4000e+01 0.0000e+00 1.2264e-01 2.2932e-01 2.2344e+01 8.6607e+00 5.0277e+02
3.4000e+01 0.0000e+00 1.2030e-01 2.6474e-01 2.2425e+01 9.4526e+00 7.3857e+02
3.4000e+01 0.0000e+00 -6.9294e-03 3.2208e-01 2.5175e+01 1.2689e+01 1.0716e+03
3.5000e+01 0.0000e+00 8.4674e-02 2.8886e-01 2.5372e+01 7.7050e+00 6.4449e+02
3.5000e+01 0.0000e+00 -3.4571e-02 2.9842e-01 1.7975e+01 5.2477e+00 7.2321e+02
3.5000e+01 0.0000e+00 7.8717e-02 2.3690e-01 2.6707e+01 7.5375e+00 6.3919e+02
3.5000e+01 0.0000e+00 1.4269e-01 2.3927e-01 2.8163e+01 8.0087e+00 6.7084e+02
3.5000e+01 0.0000e+00 8.6265e-02 2.6499e-01 2.0996e+01 6.2648e+00 5.8408e+02
3.5000e+01 0.0000e+00 8.0926e-02 2.5495e-01 2.8608e+01 8.0493e+00 6.7901e+02
3.6000e+01 0.0000e+00 -1.5938e-02 2.7553e-01 1.7228e+01 5.2064e+00 3.3898e+02
3.6000e+01 0.0000e+00 -2.0502e-02 2.7576e-01 2.4169e+01 7.4937e+00 6.4996e+02
3.6000e+01 0.0000e+00 -1.7605e-02 2.7365e-01 1.6163e+01 5.0769e+00 2.6531e+02
3.6000e+01 0.0000e+00 -2.0446e-02 2.9299e-01 1.6946e+01 4.7375e+00 4.2210e+02
3.6000e+01 0.0000e+00 -2.6251e-02 2.3237e-01 2.6621e+01 9.2141e+00 7.3307e+02
3.6000e+01 0.0000e+00 -1.2119e-02 2.5264e-01 1.7447e+01 6.1564e+00 4.6891e+02
3.7000e+01 0.0000e+00 -1.0305e-01 2.1666e-01 2.5100e+01 7.9134e+00 6.8808e+02
3.7000e+01 0.0000e+00 2.3106e-02 2.3757e-01 2.2153e+01 6.8998e+00 8.7874e+02
3.7000e+01 0.0000e+00 2.6736e-02 2.2078e-01 2.2641e+01 6.7445e+00 4.6624e+02
3.7000e+01 0.0000e+00 -4.5157e-02 2.3419e-01 2.5638e+01 6.8590e+00 5.5177e+02
3.7000e+01 0.0000e+00 -4.5874e-02 2.5143e-01 2.7468e+01 7.6008e+00 5.8377e+02
3.7000e+01 0.0000e+00 2.7283e-02 2.4563e-01 2.1888e+01 6.7499e+00 5.8407e+02
3.8000e+01 0.0000e+00 -1.9810e-02 2.6285e-01 2.0054e+01 5.7747e+00 4.0499e+02
3.8000e+01 0.0000e+00 -2.0866e-02 2.7934e-01 2.0798e+01 5.8639e+00 3.6902e+02
3.8000e+01 0.0000e+00 3.7371e-02 2.2496e-01 2.4503e+01 7.9130e+00 8.4513e+02
3.8000e+01 0.0000e+00 9.8076e-02 2.6630e-01 2.1494e+01 7.4806e+00 5.2629e+02
3.8000e+01 0.0000e+00 -8.5314e-02 2.6429e-01 1.7132e+01 4.2934e+00 4.1315e+02
3.8000e+01 0.0000e+00 9.6470e-02 2.3992e-01 1.8303e+01 4.9192e+00 3.4212e+02
3.9000e+01 0.0000e+00 4.6082e-02 2.8502e-01 2.0918e+01 5.6258e+00 7.1921e+02
3.9000e+01 0.0000e+00 4.6395e-02 3.0760e-01 2.1450e+01 5.2802e+00 3.9721e+02
3.9000e+01 0.0000e+00 5.1147e-02 3.0703e-01 1.7355e+01 4.5189e+00 2.7745e+02
3.9000e+01 0.0000e+00 4.3313e-02 3.1576e-01 1.7437e+01 4.7165e+00 4.1152e+02
3.9000e+01 0.0000e+00 3.5364e-02 3.1880e-01 1.9985e+01 5.7860e+00 3.8118e+02
3.9000e+01 0.0000e+00 9.6506e-02 2.5584e-01 1.9004e+01 5.4848e+00 6.1383e+02
4.0000e+01 0.0000e+00 2.9709e-02 2.7281e-01 2.0084e+01 8.1591e+00 8.7770e+02
4.0000e+01 0.0000e+00 -3.1906e-02 2.8596e-01 2.1488e+01 5.7316e+00 4.6200e+02
4.0000e+01 0.0000e+00 -3.1054e-02 2.6268e-01 2.5285e+01 7.1318e+00 5.9705e+02
4.0000e+01 0.0000e+00 2.9324e-02 2.3687e-01 2.4094e+01 6.4248e+00 5.1604e+02
4.0000e+01 0.0000e+00 2.4475e-02 2.4393e-01 2.6220e+01 6.8870e+00 7.9081e+02
4.0000e+01 0.0000e+00 -3.7191e-02 2.2626e-01 2.7050e+01 7.3211e+00 5.4191e+02
4.1000e+01 0.0000e+00 7.7904e-02 2.7821e-01 1.8678e+01 6.0355e+00 3.8257e+02
4.1000e+01 0.0000e+00 2.4117e-03 3.4009e-01 1.8199e+01 4.2099e+00 3.5455e+02
4.1000e+01 0.0000e+00 8.7059e-03 3.2212e-01 1.8768e+01 4.2255e+00 3.2617e+02
4.1000e+01 0.0000e+00 7.3594e-02 2.8012e-01 1.8923e+01 4.1129e+00 6.4119e+02
4.1000e+01 0.0000e+00 -5.1397e-02 2.8884e-01 1.8318e+01 6.4267e+00 3.3891e+02
4.1000e+01 0.0000e+00 7.3063e-02 2.1046e-01 1.8604e+01 5.1873e+00 2.4875e+02
4.2000e+01 0.0000e+00 2.2310e-02 2.1462e-01 2.9137e+01 8.1201e+00 8.7498e+02
4.2000e+01 0.0000e+00 2.4889e-02 1.9529e-01 2.8053e+01 7.2742e+00 8.1496e+02
4.2000e+01 0.0000e+00 -3.7104e-02 1.8901e-01 2.3648e+01 6.5474e+00 6.1271e+02
4.2000e+01 0.0000e+00 2.2776e-02 2.3761e-01 2.9766e+01 7.3767e+00 5.6797e+02
4.2000e+01 0.0000e+00 7.5969e-02 2.2965e-01 3.1970e+01 7.9337e+00 7.1587e+02
4.2000e+01 0.0000e+00 7.9717e-02 2.5294e-01 2.4010e+01 6.8537e+00 5.2392e+02
4.3000e+01 0.0000e+00 8.8732e-02 2.6069e-01 2.4738e+01 6.0998e+00 3.9960e+02
4.3000e+01 0.0000e+00 9.5832e-02 2.8253e-01 2.1191e+01 5.1735e+00 3.3944e+02
4.3000e+01 0.0000e+00 -9.1065e-02 3.0370e-01 2.2724e+01 7.1956e+00 9.2345e+02
4.3000e+01 0.0000e+00 1.0316e-01 2.8078e-01 2.0907e+01 5.4305e+00 5.3030e+02
4.3000e+01 0.0000e+00 -1.9269e-02 2.4130e-01 2.3251e+01 7.1485e+00 7.6987e+02
4.3000e+01 0.0000e+00 -2.0166e-02 2.8361e-01 2.0433e+01 5.2987e+00 2.6360e+02
4.4000e+01 0.0000e+00 -6.2567e-02 2.8393e-01 2.1836e+01 1.1625e+01 3.7277e+02
4.4000e+01 0.0000e+00 6.5705e-02 2.8753e-01 2.0785e+01 1.1675e+01 5.5870e+02
4.4000e+01 0.0000e+00 -8.9566e-04 2.6611e-01 2.1497e+01 1.1656e+01 6.2286e+02
4.4000e+01 0.0000e+00 -5.7616e-02 2.8578e-01 1.9117e+01 5.2706e+00 6.1302e+02
4.4000e+01 0.0000e+00 7.6231e-03 3.0019e-01 2.4738e+01 7.8675e+00 1.2303e+03
4.4000e+01 0.0000e+00 9.0781e-03 2.6925e-01 2.4577e+01 6.3127e+00 3.2761e+02
4.5000e+01 0.0000e+00 4.3325e-02 2.8458e-01 2.1845e+01 9.4132e+00 3.1522e+02
4.5000e+01 0.0000e+00 1.1272e-01 2.5303e-01 1.9627e+01 9.6893e+00 4.2404e+02
4.5000e+01 0.0000e+00 1.1713e-01 2.4195e-01 1.9975e+01 1.3265e+01 3.2068e+02
4.5000e+01 0.0000e+00 1.2282e-01 2.5267e-01 1.7317e+01 1.0824e+01 2.9989e+02
4.5000e+01 0.0000e+00 1.2030e-01 2.1394e-01 1.9027e+01 9.7866e+00 5.8066e+02
4.5000e+01 0.0000e+00 5.8388e-02 2.7874e-01 2.0857e+01 1.0399e+01 4.1051e+02
4.6000e+01 0.0000e+00 9.6359e-02 2.7061e-01 2.1223e+01 4.2841e+00 3.9729e+02
4.6000e+01 0.0000e+00 9.0545e-02 2.9796e-01 2.4385e+01 5.1332e+00 4.1262e+02
4.6000e+01 0.0000e+00 2.6483e-02 2.6767e-01 1.9091e+01 4.3349e+00 3.2238e+02
4.6000e+01 0.0000e+00 -3.8494e-02 3.2768e-01 2.0799e+01 7.6088e+00 1.2214e+03
4.6000e+01 0.0000e+00 8.7696e-02 2.4469e-01 3.0152e+01 1.1124e+01 2.1224e+03
4.6000e+01 0.0000e+00 -2.5252e-02 2.9844e-01 2.3841e+01 1.0319e+01 8.3548e+02
4.7000e+01 0.0000e+00 -7.9754e-02 2.6921e-01 1.6171e+01 3.4224e+00 4.2506e+02
4.7000e+01 0.0000e+00 3.6454e-02 2.9285e-01 2.1966e+01 6.4829e+00 5.9561e+02
4.7000e+01 0.0000e+00 -3.4642e-02 2.8479e-01 2.7931e+01 8.6774e+00 5.9451e+02
4.7000e+01 0.0000e+00 9.3486e-02 2.9198e-01 2.5102e+01 8.1999e+00 8.7557e+02
4.7000e+01 0.0000e+00 9.4044e-02 2.9347e-01 2.0114e+01 5.6245e+00 7.3566e+02
4.7000e+01 0.0000e+00 -2.1748e-02 3.1780e-01 1.6733e+01 3.4050e+00 3.6269e+02
4.8000e+01 0.0000e+00 1.1832e-01 2.8457e-01 2.4716e+01 2.4377e+01 1.3522e+03
4.8000e+01 0.0000e+00 -7.4414e-03 2.3151e-01 1.9789e+01 1.0807e+01 5.8216e+02
4.8000e+01 0.0000e+00 5.9165e-02 2.5842e-01 2.1903e+01 1.7882e+01 8.0220e+02
4.8000e+01 0.0000e+00 6.4078e-02 2.6946e-01 2.0183e+01 1.3544e+01 8.5316e+02
4.8000e+01 0.0000e+00 -6.0556e-03 3.1253e-01 2.4133e+01 1.9930e+01 7.8822e+02
4.8000e+01 0.0000e+00 6.7015e-02 2.7024e-01 1.9476e+01 9.0323e+00 6.2934e+02
4.9000e+01 0.0000e+00 -5.4814e-03 2.4111e-01 2.0383e+01 1.2587e+01 3.0307e+02
4.9000e+01 0.0000e+00 1.1970e-01 2.5371e-01 2.1099e+01 1.1741e+01 2.9480e+02
4.9000e+01 0.0000e+00 -1.0561e-02 2.5249e-01 2.3899e+01 1.0621e+01 4.3061e+02
4.9000e+01 0.0000e+00 6.2202e-02 2.5693e-01 2.6094e+01 9.6728e+00 6.4354e+02
4.9000e+01 0.0000e+00 5.6790e-02 2.6563e-01 2.1917e+01 1.4266e+01 5.2123e+02
4.9000e+01 0.0000e+00 1.1910e-01 2.1446e-01 2.4069e+01 1.2503e+01 3.7156e+02
5.0000e+01 0.0000e+00 4.1350e-03 1.9565e-01 1.6721e+01 4.7143e+00 2.0387e+02
5.0000e+01 0.0000e+00 6.6289e-04 2.2698e-01 1.8164e+01 4.8516e+00 3.0675e+02
5.0000e+01 0.0000e+00 -5.4102e-03 2.6741e-01 1.9222e+01 5.5118e+00 3.3092e+02
5.0000e+01 0.0000e+00 5.4812e-02 2.5912e-01 1.7853e+01 4.5039e+00 3.0587e+02
5.0000e+01 0.0000e+00 1.1623e-01 1.8145e-01 1.9755e+01 5.8093e+00 2.0441e+03
5.0000e+01 0.0000e+00 1.6315e-02 2.4405e-01 1.8907e+01 6.9301e+00 5.6495e+02
5.1000e+01 0.0000e+00 1.0952e-01 2.2631e-01 2.2617e+01 2.0174e+01 6.8907e+02
5.1000e+01 0.0000e+00 1.1178e-01 2.5437e-01 2.2154e+01 2.0937e+01 4.9131e+02
5.1000e+01 0.0000e+00 5.2154e-02 2.5786e-01 2.7960e+01 2.0950e+01 7.7630e+02
5.1000e+01 0.0000e+00 1.2418e-01 2.4458e-01 2.2420e+01 1.9615e+01 3.6046e+02
5.1000e+01 0.0000e+00 6.3137e-02 2.5929e-01 2.1912e+01 1.9569e+01 3.9289e+02
5.1000e+01 0.0000e+00 5.4850e-03 2.7223e-01 2.6403e+01 2.3747e+01 3.7971e+02
5.2000e+01 0.0000e+00 6.3301e-02 2.4932e-01 2.2253e+01 6.0878e+00 5.2351e+02
5.2000e+01 0.0000e+00 5.2654e-02 2.3650e-01 2.6943e+01 8.0505e+00 4.0483e+02
5.2000e+01 0.0000e+00 6.1113e-02 2.2835e-01 1.9297e+01 5.3648e+00 7.0377e+02
5.2000e+01 0.0000e+00 6.3034e-02 2.4153e-01 2.4788e+01 6.6252e+00 9.5502e+02
5.2000e+01 0.0000e+00 7.7263e-02 2.7582e-01 1.8975e+01 5.1652e+00 7.1536e+02
5.2000e+01 0.0000e+00 1.4306e-02 2.7643e-01 2.0259e+01 5.8940e+00 9.3286e+02
5.3000e+01 0.0000e+00 -5.9984e-02 3.1433e-01 2.0948e+01 6.3322e+00 3.6452e+02
5.3000e+01 0.0000e+00 -1.8541e-01 2.4316e-01 2.1381e+01 7.7897e+00 5.1977e+02
5.3000e+01 0.0000e+00 -6.3180e-02 2.4550e-01 2.2369e+01 6.4635e+00 3.9456e+02
5.3000e+01 0.0000e+00 -6.1774e-02 2.7049e-01 2.0262e+01 6.0734e+00 4.1493e+02
5.3000e+01 0.0000e+00 1.3190e-04 2.6548e-01 1.8074e+01 8.0023e+00 4.8043e+02
5.3000e+01 0.0000e+00 -8.7690e-04 2.7257e-01 1.8356e+01 7.9982e+00 5.8482e+02
5.4000e+01 0.0000e+00 3.9106e-02 2.8555e-01 1.9031e+01 4.5565e+00 7.4054e+02
5.4000e+01 0.0000e+00 -2.4040e-02 2.6512e-01 2.4240e+01 7.1304e+00 3.9279e+02
5.4000e+01 0.0000e+00 -3.2145e-02 3.1077e-01 2.3595e+01 6.5491e+00 5.5847e+02
5.4000e+01 0.0000e+00 -1.0525e-01 3.1475e-01 2.2847e+01 5.8035e+00 8.4854e+02
5.4000e+01 0.0000e+00 -4.8178e-02 3.1247e-01 2.7741e+01 7.8158e+00 5.6450e+02
5.4000e+01 0.0000e+00 -1.0631e-01 2.8765e-01 2.4124e+01 6.6620e+00 5.4742e+02
5.5000e+01 0.0000e+00 6.1458e-02 2.6994e-01 2.1252e+01 1.5891e+01 4.9996e+02
5.5000e+01 0.0000e+00 1.2287e-01 2.4594e-01 2.0870e+01 1.7336e+01 3.9988e+02
5.5000e+01 0.0000e+00 -2.9649e-03 2.5777e-01 2.2418e+01 1.7387e+01 4.5482e+02
5.5000e+01 0.0000e+00 -5.2081e-02 2.3608e-01 2.3004e+01 1.9818e+01 3.5403e+02
5.5000e+01 0.0000e+00 1.3901e-02 2.9835e-01 1.9313e+01 1.4558e+01 4.2423e+02
5.5000e+01 0.0000e+00 7.1127e-02 2.4916e-01 2.1788e+01 1.4940e+01 2.9999e+02
5.6000e+01 0.0000e+00 5.2051e-02 2.5997e-01 2.6208e+01 1.6074e+01 5.8961e+02
5.6000e+01 0.0000e+00 1.1139e-01 2.1675e-01 2.5091e+01 1.6045e+01 9.2499e+02
5.6000e+01 0.0000e+00 1.1902e-01 2.9036e-01 2.1516e+01 1.7869e+01 4.9563e+02
5.6000e+01 0.0000e+00 1.2480e-01 2.4214e-01 2.3144e+01 1.5276e+01 5.0665e+02
5.6000e+01 0.0000e+00 1.1607e-01 2.2781e-01 2.3349e+01 1.5421e+01 8.0868e+02
5.6000e+01 0.0000e+00 1.1602e-01 2.6154e-01 2.0556e+01 1.4437e+01 6.9653e+02
5.7000e+01 0.0000e+00 -8.9082e-03 2.3821e-01 2.1407e+01 1.0399e+01 1.2493e+03
5.7000e+01 0.0000e+00 -1.3482e-01 2.1966e-01 2.1165e+01 6.1107e+00 7.0405e+02
5.7000e+01 0.0000e+00 -7.5159e-02 2.5468e-01 1.7249e+01 5.1352e+00 4.7714e+02
5.7000e+01 0.0000e+00 4.6303e-02 2.7679e-01 2.2103e+01 6.2797e+00 4.6079e+02
5.7000e+01 0.0000e+00 -7.4592e-02 2.4595e-01 2.0260e+01 6.0908e+00 4.9136e+02
5.7000e+01 0.0000e+00 -7.5470e-02 2.0557e-01 2.3055e+01 6.7829e+00 4.1872e+02
5.8000e+01 0.0000e+00 6.0859e-02 2.6166e-01 3.2718e+01 1.1131e+01 1.0933e+03
5.8000e+01 0.0000e+00 -7.3042e-02 2.5510e-01 2.6047e+01 7.5839e+00 7.3855e+02
5.8000e+01 0.0000e+00 -2.4867e-02 3.0432e-01 1.4515e+01 3.1228e+00 1.2124e+02
5.8000e+01 0.0000e+00 2.4194e-02 3.0079e-01 1.5008e+01 3.5079e+00 3.4234e+02
5.8000e+01 0.0000e+00 2.2606e-02 3.1011e-01 1.5466e+01 2.9373e+00 3.0343e+02
5.8000e+01 0.0000e+00 -3.1176e-02 3.1701e-01 1.5451e+01 3.0648e+00 2.5150e+02
5.9000e+01 0.0000e+00 -1.2734e-01 2.5033e-01 2.5167e+01 6.3730e+00 4.7967e+02
5.9000e+01 0.0000e+00 -1.2570e-01 2.4764e-01 2.3477e+01 6.8427e+00 6.4656e+02
5.9000e+01 0.0000e+00 5.7198e-02 3.2492e-01 2.8502e+01 7.5833e+00 4.7150e+02
5.9000e+01 0.0000e+00 -1.2425e-01 2.7260e-01 2.2923e+01 5.6118e+00 5.9223e+02
5.9000e+01 0.0000e+00 4.9679e-03 2.2571e-01 2.4596e+01 7.4656e+00 8.2596e+02
5.9000e+01 0.0000e+00 -5.7417e-02 2.6245e-01 2.4391e+01 9.3977e+00 1.0227e+03
6.0000e+01 0.0000e+00 -8.6039e-02 2.5760e-01 1.8537e+01 5.3125e+00 3.1929e+02
6.0000e+01 0.0000e+00 3.7224e-02 3.0848e-01 1.7256e+01 5.1563e+00 2.3331e+02
6.0000e+01 0.0000e+00 -2.6552e-02 2.6387e-01 1.8892e+01 5.1646e+00 2.8555e+02
6.0000e+01 0.0000e+00 -2.2267e-02 2.8395e-01 1.7327e+01 4.4140e+00 3.0760e+02
6.0000e+01 0.0000e+00 3.3288e-02 2.9929e-01 1.7949e+01 4.3886e+00 5.3539e+02
6.0000e+01 0.0000e+00 1.0445e-01 2.9525e-01 2.0614e+01 5.1384e+00 9.1791e+02
6.1000e+01 0.0000e+00 -1.0200e-01 2.3201e-01 1.6403e+01 6.9257e+00 3.9481e+02
6.1000e+01 0.0000e+00 -4.1279e-02 2.1852e-01 1.6680e+01 8.1510e+00 3.3279e+02
6.1000e+01 0.0000e+00 2.1683e-02 1.8942e-01 1.9011e+01 9.3313e+00 3.8379e+02
6.1000e+01 0.0000e+00 -3.1266e-02 2.5807e-01 1.8763e+01 8.3691e+00 4.0562e+02
6.1000e+01 0.0000e+00 -2.8526e-02 2.6714e-01 1.7010e+01 8.2013e+00 3.6151e+02
6.1000e+01 0.0000e+00 -3.4052e-02 2.4234e-01 1.7950e+01 8.6886e+00 4.2062e+02
6.2000e+01 0.0000e+00 4.2655e-02 2.2280e-01 2.1722e+01 5.5074e+00 5.0642e+02
6.2000e+01 0.0000e+00 3.9344e-02 2.3197e-01 2.7930e+01 7.5134e+00 5.9574e+02
6.2000e+01 0.0000e+00 1.0148e-01 2.1367e-01 3.1013e+01 8.4798e+00 7.6072e+02
6.2000e+01 0.0000e+00 4.1282e-02 2.2694e-01 3.0020e+01 7.8372e+00 9.1275e+02
6.2000e+01 0.0000e+00 3.0381e-02 2.7083e-01 3.4835e+01 8.7893e+00 7.1532e+02
6.2000e+01 0.0000e+00 3.8244e-02 2.7810e-01 3.1443e+01 7.6235e+00 8.9168e+02
6.3000e+01 0.0000e+00 -3.9569e-02 2.7592e-01 1.9808e+01 5.5488e+00 2.6284e+02
6.3000e+01 0.0000e+00 3.9190e-02 2.4657e-01 2.2591e+01 6.5747e+00 3.0984e+02
6.3000e+01 0.0000e+00 -1.7150e-02 2.0475e-01 1.7802e+01 6.4239e+00 4.4620e+02
6.3000e+01 0.0000e+00 -1.8957e-02 2.6713e-01 2.0682e+01 5.9680e+00 4.6001e+02
6.3000e+01 0.0000e+00 -2.0224e-02 2.4280e-01 2.4562e+01 8.5140e+00 5.1988e+02
6.3000e+01 0.0000e+00 -1.5312e-02 2.1875e-01 1.9076e+01 6.1592e+00 6.0593e+02
6.4000e+01 0.0000e+00 7.9464e-02 2.7483e-01 2.3631e+01 7.1473e+00 4.7337e+02
6.4000e+01 0.0000e+00 -4.0243e-02 3.1952e-01 1.8333e+01 5.7050e+00 3.0652e+02
6.4000e+01 0.0000e+00 1.1068e-02 2.8192e-01 2.6327e+01 7.5317e+00 4.6077e+02
6.4000e+01 0.0000e+00 2.2307e-02 2.8907e-01 1.7841e+01 4.2766e+00 5.2015e+02
6.4000e+01 0.0000e+00 1.4063e-01 2.6433e-01 1.9000e+01 6.7780e+00 7.1536e+02
6.4000e+01 0.0000e+00 7.8104e-02 2.7750e-01 1.8099e+01 5.8656e+00 4.3382e+02
6.5000e+01 0.0000e+00 5.1346e-02 2.4868e-01 1.7066e+01 8.8247e+00 4.6432e+02
6.5000e+01 0.0000e+00 4.1592e-02 2.5347e-01 1.5920e+01 5.6816e+00 3.0406e+02
6.5000e+01 0.0000e+00 3.0873e-02 2.4809e-01 2.2418e+01 7.5430e+00 4.0009e+02
6.5000e+01 0.0000e+00 2.3657e-02 2.4052e-01 2.4712e+01 8.7613e+00 6.1108e+02
6.5000e+01 0.0000e+00 -3.7862e-02 2.7637e-01 2.4878e+01 8.5298e+00 6.5505e+02
6.5000e+01 0.0000e+00 2.3991e-02 2.0592e-01 2.0139e+01 9.3227e+00 7.0895e+02
6.6000e+01 0.0000e+00 -3.0600e-02 3.1755e-01 1.9145e+01 5.6906e+00 4.3962e+02
6.6000e+01 0.0000e+00 -3.5284e-02 3.2603e-01 2.5651e+01 7.0931e+00 4.4717e+02
6.6000e+01 0.0000e+00 -2.9297e-02 2.9799e-01 2.0900e+01 5.9911e+00 4.1082e+02
6.6000e+01 0.0000e+00 -9.4086e-02 2.7667e-01 2.0899e+01 6.1478e+00 5.7993e+02
6.6000e+01 0.0000e+00 2.7456e-02 2.9428e-01 2.9852e+01 7.8301e+00 3.4312e+02
6.6000e+01 0.0000e+00 -1.1970e-03 2.8717e-01 2.1612e+01 4.9793e+00 6.3482e+02
6.7000e+01 0.0000e+00 -4.0344e-02 3.0507e-01 1.5129e+01 3.3212e+00 2.1568e+02
6.7000e+01 0.0000e+00 9.0194e-02 3.1498e-01 1.4919e+01 3.2910e+00 2.9130e+02
6.7000e+01 0.0000e+00 -3.5405e-02 3.3549e-01 1.9328e+01 4.5359e+00 5.1956e+02
6.7000e+01 0.0000e+00 -3.7046e-02 3.1448e-01 1.6667e+01 3.5536e+00 5.4756e+02
6.7000e+01 0.0000e+00 -9.6875e-02 2.8958e-01 1.8031e+01 3.6671e+00 2.6512e+02
6.7000e+01 0.0000e+00 3.3613e-02 3.0082e-01 1.7720e+01 4.3490e+00 3.1690e+02
6.8000e+01 0.0000e+00 1.2144e-02 2.9840e-01 1.9007e+01 6.6002e+00 6.3755e+02
6.8000e+01 0.0000e+00 6.0314e-03 2.5517e-01 2.3948e+01 7.8224e+00 4.3058e+02
6.8000e+01 0.0000e+00 6.8431e-02 3.2313e-01 2.1688e+01 7.7221e+00 6.8071e+02
6.8000e+01 0.0000e+00 6.6860e-02 2.7290e-01 2.4376e+01 9.3976e+00 6.7445e+02
6.8000e+01 0.0000e+00 3.2263e-03 2.8431e-01 2.2366e+01 7.8412e+00 4.3139e+02
6.8000e+01 0.0000e+00 6.4572e-02 3.1004e-01 2.0640e+01 7.3215e+00 4.2947e+02
6.9000e+01 0.0000e+00 -5.9934e-02 2.7933e-01 1.9854e+01 5.7074e+00 6.6595e+02
6.9000e+01 0.0000e+00 6.5200e-02 3.0424e-01 1.9016e+01 5.9387e+00 6.2950e+02
6.9000e+01 0.0000e+00 -4.4327e-03 3.0442e-01 2.3709e+01 7.2264e+00 7.7500e+02
6.9000e+01 0.0000e+00 6.0291e-02 3.0810e-01 2.0497e+01 4.9123e+00 5.8494e+02
6.9000e+01 0.0000e+00 7.0819e-02 3.1131e-01 1.5082e+01 3.1092e+00 2.3172e+02
6.9000e+01 0.0000e+00 1.3101e-01 2.8266e-01 1.4439e+01 3.1270e+00 2.0064e+02
7.0000e+01 0.0000e+00 6.9067e-02 2.3058e-01 2.7249e+01 1.0060e+01 7.8032e+02
7.0000e+01 0.0000e+00 -4.0871e-02 2.7425e-01 2.6954e+01 9.0763e+00 9.6267e+02
7.0000e+01 0.0000e+00 3.1981e-02 2.8207e-01 1.8335e+01 5.8802e+00 4.4032e+02
7.0000e+01 0.0000e+00 -3.7049e-02 2.5859e-01 1.9376e+01 6.7757e+00 6.0798e+02
7.0000e+01 0.0000e+00 1.5279e-02 2.5136e-01 2.1720e+01 6.0764e+00 4.8708e+02
7.0000e+01 0.0000e+00 -5.2983e-02 2.6678e-01 2.2049e+01 6.9351e+00 4.3269e+02
7.1000e+01 0.0000e+00 1.1031e-01 2.6053e-01 2.1414e+01 1.0453e+01 4.6918e+02
7.1000e+01 0.0000e+00 9.9708e-02 2.3413e-01 2.5477e+01 1.1937e+01 4.1280e+02
7.1000e+01 0.0000e+00 1.6726e-01 2.4668e-01 2.1427e+01 1.1785e+01 7.5226e+02
7.1000e+01 0.0000e+00 3.6812e-02 2.5646e-01 2.0334e+01 1.1421e+01 9.8321e+02
7.1000e+01 0.0000e+00 9.7627e-02 2.5618e-01 2.0346e+01 1.1144e+01 5.0922e+02
7.1000e+01 0.0000e+00 4.4795e-02 2.7597e-01 1.9911e+01 1.1509e+01 6.0380e+02
7.2000e+01 0.0000e+00 6.3566e-02 2.7952e-01 2.0308e+01 9.0708e+00 5.0351e+02
7.2000e+01 0.0000e+00 -6.3884e-02 3.0677e-01 1.9163e+01 7.2964e+00 4.1744e+02
7.2000e+01 0.0000e+00 6.1783e-02 3.0734e-01 1.7817e+01 7.9699e+00 6.3822e+02
7.2000e+01 0.0000e+00 -7.3858e-03 2.8681e-01 1.9098e+01 8.0765e+00 5.3352e+02
7.2000e+01 0.0000e+00 1.8247e-03 2.4387e-01 1.7959e+01 6.8521e+00 7.4050e+02
7.2000e+01 0.0000e+00 5.9621e-02 2.5462e-01 2.1278e+01 7.0188e+00 3.1861e+02
7.3000e+01 0.0000e+00 -5.3288e-02 2.6295e-01 2.9912e+01 8.2368e+00 6.7412e+02
7.3000e+01 0.0000e+00 1.7793e-02 2.6027e-01 2.3072e+01 7.8294e+00 8.0287e+02
7.3000e+01 0.0000e+00 -5.2912e-02 2.2315e-01 2.7359e+01 9.7002e+00 6.8765e+02
7.3000e+01 0.0000e+00 -5.1132e-02 2.5224e-01 2.7609e+01 9.7211e+00 7.1712e+02
7.3000e+01 0.0000e+00 9.2105e-03 2.4987e-01 2.5639e+01 9.3697e+00 7.4804e+02
7.3000e+01 0.0000e+00 1.0416e-02 2.4203e-01 2.6363e+01 7.7496e+00 4.5659e+02
7.4000e+01 0.0000e+00 1.1509e-01 2.4924e-01 2.5937e+01 8.7277e+00 4.9743e+02
7.4000e+01 0.0000e+00 -8.5026e-03 2.8912e-01 2.1469e+01 8.6773e+00 5.0568e+02
7.4000e+01 0.0000e+00 5.2102e-02 2.5281e-01 1.8991e+01 1.1436e+01 3.2990e+02
7.4000e+01 0.0000e+00 1.0827e-01 2.5971e-01 1.8269e+01 6.8534e+00 3.7240e+02
7.4000e+01 0.0000e+00 5.1459e-02 2.3395e-01 1.8577e+01 8.7110e+00 6.5471e+02
7.4000e+01 0.0000e+00 1.0700e-01 2.7350e-01 2.0766e+01 8.6646e+00 7.3474e+02
7.5000e+01 0.0000e+00 2.2462e-02 2.8330e-01 1.8769e+01 5.7462e+00 7.3178e+02
7.5000e+01 0.0000e+00 8.1365e-02 2.6069e-01 1.9002e+01 5.3095e+00 5.7621e+02
7.5000e+01 0.0000e+00 1.9161e-02 2.4545e-01 1.7259e+01 3.6051e+00 1.7975e+02
7.5000e+01 0.0000e+00 1.5075e-02 2.6813e-01 1.8494e+01 3.2422e+00 3.5775e+02
7.5000e+01 0.0000e+00 1.5863e-02 2.6325e-01 1.7185e+01 3.4240e+00 2.5349e+02
7.5000e+01 0.0000e+00 -3.9897e-02 2.4841e-01 1.8611e+01 5.6866e+00 5.1394e+02
7.6000e+01 0.0000e+00 1.6153e-02 3.0618e-01 2.9360e+01 8.0667e+00 5.1842e+02
7.6000e+01 0.0000e+00 8.4110e-02 2.8782e-01 2.2671e+01 6.2444e+00 8.5575e+02
7.6000e+01 0.0000e+00 8.5788e-02 2.6336e-01 1.9428e+01 4.0375e+00 6.2855e+02
7.6000e+01 0.0000e+00 -3.1902e-02 3.1457e-01 1.7688e+01 3.4519e+00 6.0571e+02
7.6000e+01 0.0000e+00 -2.5865e-02 3.0348e-01 2.0095e+01 4.7099e+00 8.5761e+02
7.6000e+01 0.0000e+00 2.3380e-02 2.8038e-01 3.0676e+01 1.2095e+01 1.0900e+03
7.7000e+01 0.0000e+00 6.9986e-02 2.4472e-01 2.2534e+01 7.5068e+00 6.7169e+02
7.7000e+01 0.0000e+00 6.6936e-02 2.6691e-01 2.0929e+01 6.7222e+00 7.4374e+02
7.7000e+01 0.0000e+00 6.2657e-02 2.7868e-01 1.8909e+01 4.8756e+00 7.9159e+02
7.7000e+01 0.0000e+00 1.1707e-03 2.8665e-01 2.0327e+01 5.9521e+00 5.5643e+02
7.7000e+01 0.0000e+00 1.2056e-01 2.6466e-01 2.1757e+01 6.5336e+00 5.5765e+02
7.7000e+01 0.0000e+00 5.7157e-02 2.5948e-01 1.9815e+01 5.9872e+00 5.8207e+02
7.8000e+01 0.0000e+00 -4.6472e-02 2.8882e-01 1.7991e+01 7.3354e+00 4.8189e+02
7.8000e+01 0.0000e+00 -1.1046e-01 2.9041e-01 1.8106e+01 9.0301e+00 4.8272e+02
7.8000e+01 0.0000e+00 -1.0979e-01 2.6345e-01 1.6412e+01 7.4722e+00 3.7115e+02
7.8000e+01 0.0000e+00 7.5727e-02 2.9899e-01 1.6965e+01 8.4438e+00 2.9071e+02
7.8000e+01 0.0000e+00 9.9368e-03 2.9899e-01 1.7098e+01 8.4107e+00 2.6597e+02
7.8000e+01 0.0000e+00 1.1712e-02 2.7671e-01 1.8035e+01 8.9160e+00 5.0103e+02
7.9000e+01 0.0000e+00 -2.6550e-02 3.1375e-01 2.4433e+01 6.1962e+00 6.5844e+02
7.9000e+01 0.0000e+00 3.1849e-02 2.6535e-01 2.6215e+01 9.4317e+00 9.8007e+02
7.9000e+01 0.0000e+00 3.0557e-02 3.1109e-01 1.9035e+01 4.5302e+00 3.6249e+02
7.9000e+01 0.0000e+00 1.4210e-01 2.6277e-01 2.3736e+01 5.3910e+00 4.3524e+02
7.9000e+01 0.0000e+00 1.7502e-02 2.9112e-01 2.1388e+01 5.2146e+00 5.2914e+02
7.9000e+01 0.0000e+00 6.8301e-02 3.1797e-01 2.3883e+01 8.0683e+00 1.0215e+03
0.0000e+00 1.0000e+00 -1.2993e-02 2.6982e-01 1.8046e+01 5.3274e+00 3.1952e+02
0.0000e+00 1.0000e+00 1.1349e-01 2.2979e-01 2.0764e+01 6.0178e+00 3.5061e+02
0.0000e+00 1.0000e+00 -1.4857e-02 2.0958e-01 2.0665e+01 6.5596e+00 5.3029e+02
0.0000e+00 1.0000e+00 1.1087e-01 2.2544e-01 1.7855e+01 5.2695e+00 6.5074e+02
0.0000e+00 1.0000e+00 4.7040e-02 2.3715e-01 2.4940e+01 6.6628e+00 5.7067e+02
0.0000e+00 1.0000e+00 3.6366e-02 2.5162e-01 2.8622e+01 6.6550e+00 4.5221e+02
1.0000e+00 1.0000e+00 -9.5838e-02 2.8335e-01 1.5475e+01 5.3622e+00 2.5710e+02
1.0000e+00 1.0000e+00 -1.6511e-01 2.4426e-01 1.6099e+01 5.7859e+00 2.2915e+02
1.0000e+00 1.0000e+00 -4.5842e-02 2.3870e-01 1.6909e+01 6.8476e+00 4.8333e+02
1.0000e+00 1.0000e+00 -4.8123e-02 2.8438e-01 1.6548e+01 6.2331e+00 4.0457e+02
1.0000e+00 1.0000e+00 -1.1348e-01 2.1105e-01 2.2179e+01 6.7567e+00 5.3790e+02
1.0000e+00 1.0000e+00 -5.2543e-02 2.7587e-01 2.3740e+01 6.6193e+00 6.2955e+02
2.0000e+00 1.0000e+00 -9.4419e-02 3.1893e-01 1.6895e+01 4.9756e+00 4.4946e+02
2.0000e+00 1.0000e+00 7.9176e-02 3.0772e-01 2.5899e+01 6.9453e+00 6.4137e+02
2.0000e+00 1.0000e+00 1.7168e-02 3.3456e-01 2.1692e+01 6.0882e+00 4.5759e+02
2.0000e+00 1.0000e+00 1.4059e-01 3.0500e-01 2.3947e+01 7.1092e+00 5.2510e+02
2.0000e+00 1.0000e+00 7.5523e-02 3.4530e-01 2.1431e+01 6.5452e+00 8.8150e+02
2.0000e+00 1.0000e+00 7.8543e-02 3.1551e-01 2.1487e+01 6.1717e+00 5.9259e+02
3.0000e+00 1.0000e+00 -9.6135e-02 2.6309e-01 3.0094e+01 8.4886e+00 4.8024e+02
3.0000e+00 1.0000e+00 -8.3982e-02 2.5477e-01 1.9284e+01 5.6576e+00 7.8773e+02
3.0000e+00 1.0000e+00 3.0574e-02 2.9921e-01 2.6110e+01 7.5722e+00 5.7231e+02
3.0000e+00 1.0000e+00 3.0936e-02 2.8530e-01 2.2918e+01 6.8698e+00 4.9568e+02
3.0000e+00 1.0000e+00 3.0776e-02 3.0321e-01 1.7235e+01 4.9489e+00 6.2145e+02
3.0000e+00 1.0000e+00 2.6455e-02 2.8072e-01 1.8780e+01 4.9386e+00 5.5179e+02
0.0000e+00 -1.0000e+00 -1.0381e-01 2.5406e-01 2.6078e+01 8.1041e+00 8.3576e+02
0.0000e+00 -1.0000e+00 -1.5245e-01 2.7454e-01 1.5617e+01 3.5479e+00 2.6752e+02
0.0000e+00 -1.0000e+00 1.4588e-01 2.5060e-01 1.7491e+01 3.2051e+00 3.0352e+02
0.0000e+00 -1.0000e+00 1.0439e-01 2.5799e-01 2.2578e+01 6.2152e+00 4.9739e+02
0.0000e+00 -1.0000e+00 1.9297e-02 2.7676e-01 3.1435e+01 7.6953e+00 7.7571e+02
0.0000e+00 -1.0000e+00 -6.4438e-02 2.9185e-01 2.7379e+01 7.5104e+00 5.2449e+02
1.0000e+00 -1.0000e+00 2.0529e-02 2.5923e-01 2.8125e+01 7.7960e+00 8.7229e+02
1.0000e+00 -1.0000e+00 3.2106e-02 2.0195e-01 2.2340e+01 6.8791e+00 5.9026e+02
1.0000e+00 -1.0000e+00 -8.3541e-02 3.1196e-01 1.8942e+01 4.0029e+00 5.3817e+02
1.0000e+00 -1.0000e+00 -1.0246e-01 2.3569e-01 1.7211e+01 3.8137e+00 2.6674e+02
1.0000e+00 -1.0000e+00 -1.0329e-02 3.1430e-01 2.2788e+01 7.4033e+00 1.0064e+03
1.0000e+00 -1.0000e+00 -1.8708e-02 2.8268e-01 1.5833e+01 3.4204e+00 2.8499e+02
2.0000e+00 -1.0000e+00 4.3284e-02 2.7754e-01 1.7945e+01 5.0499e+00 4.8412e+02
2.0000e+00 -1.0000e+00 1.0277e-02 2.9897e-01 1.9723e+01 6.2821e+00 5.7218e+02
2.0000e+00 -1.0000e+00 3.7346e-02 2.1704e-01 2.4171e+01 6.8340e+00 5.5787e+02
2.0000e+00 -1.0000e+00 -9.4629e-02 2.7504e-01 1.8258e+01 3.7427e+00 4.6835e+02
2.0000e+00 -1.0000e+00 -1.1023e-01 2.6783e-01 1.8836e+01 4.3792e+00 4.1933e+02
2.0000e+00 -1.0000e+00 -1.3187e-02 2.3890e-01 1.6886e+01 3.0565e+00 2.3898e+02
3.0000e+00 -1.0000e+00 -7.2464e-02 2.6681e-01 1.7034e+01 3.5358e+00 2.6936e+02
3.0000e+00 -1.0000e+00 -9.6707e-02 2.8169e-01 2.4193e+01 6.2134e+00 4.8719e+02
3.0000e+00 -1.0000e+00 2.1440e-02 2.9926e-01 2.2237e+01 6.5474e+00 3.4650e+02
3.0000e+00 -1.0000e+00 4.7968e-02 2.4111e-01 1.8226e+01 3.2579e+00 3.4835e+02
3.0000e+00 -1.0000e+00 1.5606e-03 2.8965e-01 1.8137e+01 4.1545e+00 8.1184e+02
3.0000e+00 -1.0000e+00 6.6758e-02 2.7129e-01 2.2802e+01 3.6794e+00 8.5153e+02
4.0000e+00 -1.0000e+00 5.9644e-02 2.9050e-01 2.9383e+01 8.6222e+00 2.9450e+02
4.0000e+00 -1.0000e+00 4.8238e-02 2.8716e-01 2.1894e+01 6.3738e+00 5.3599e+02
4.0000e+00 -1.0000e+00 -5.9864e-02 2.1542e-01 2.7441e+01 7.0849e+00 7.3287e+02
4.0000e+00 -1.0000e+00 -7.8806e-03 2.4417e-01 2.7934e+01 7.9010e+00 6.0413e+02
4.0000e+00 -1.0000e+00 2.5735e-02 2.0190e-01 2.1387e+01 5.9413e+00 4.9224e+02
4.0000e+00 -1.0000e+00 2.8483e-02 2.8657e-01 2.8786e+01 8.3894e+00 9.2704e+02
5.0000e+00 -1.0000e+00 -3.2033e-02 2.6378e-01 1.8129e+01 5.2550e+00 8.2036e+02
5.0000e+00 -1.0000e+00 -3.6117e-02 2.7135e-01 2.5951e+01 8.6908e+00 9.5723e+02
5.0000e+00 -1.0000e+00 -3.3486e-02 2.7374e-01 1.7698e+01 3.5680e+00 5.4800e+02
5.0000e+00 -1.0000e+00 -3.3751e-02 2.6721e-01 2.1861e+01 6.5239e+00 6.9232e+02
5.0000e+00 -1.0000e+00 -3.2618e-02 3.0334e-01 1.9092e+01 5.7080e+00 6.1098e+02
5.0000e+00 -1.0000e+00 -9.3759e-02 2.6367e-01 2.0709e+01 5.9237e+00 4.5709e+02
6.0000e+00 -1.0000e+00 7.7881e-02 2.7581e-01 1.5683e+01 3.3002e+00 2.9963e+02
6.0000e+00 -1.0000e+00 3.1279e-02 2.1677e-01 3.0315e+01 8.3249e+00 5.5908e+02
6.0000e+00 -1.0000e+00 -9.3948e-02 2.7383e-01 3.0254e+01 8.0007e+00 4.1867e+02
6.0000e+00 -1.0000e+00 -1.6973e-01 2.5089e-01 1.8485e+01 3.7665e+00 5.1131e+02
6.0000e+00 -1.0000e+00 -4.3419e-02 2.3725e-01 2.2970e+01 4.9728e+00 7.9811e+02
6.0000e+00 -1.0000e+00 -3.1163e-02 3.0395e-01 1.6936e+01 4.0650e+00 5.6749e+02
7.0000e+00 -1.0000e+00 2.8560e-02 3.0027e-01 2.5402e+01 6.7645e+00 5.9849e+02
7.0000e+00 -1.0000e+00 -1.0466e-01 2.8200e-01 2.0114e+01 5.0484e+00 5.6451e+02
7.0000e+00 -1.0000e+00 -3.8759e-02 2.6546e-01 2.5244e+01 7.2430e+00 3.6813e+02
7.0000e+00 -1.0000e+00 7.3369e-02 2.8202e-01 2.0749e+01 5.1666e+00 8.4038e+02
7.0000e+00 -1.0000e+00 -4.5063e-02 2.7518e-01 2.5652e+01 8.0032e+00 4.6214e+02
7.0000e+00 -1.0000e+00 7.3655e-03 2.9572e-01 1.9528e+01 5.8312e+00 6.9372e+02
8.0000e+00 -1.0000e+00 -3.4769e-02 2.4107e-01 2.3848e+01 6.9871e+00 1.1209e+03
8.0000e+00 -1.0000e+00 -9.4621e-02 2.6543e-01 1.6728e+01 3.7145e+00 4.8528e+02
8.0000e+00 -1.0000e+00 -1.6691e-01 2.5330e-01 2.1917e+01 7.1980e+00 7.2319e+02
8.0000e+00 -1.0000e+00 -9.5640e-04 2.9437e-01 3.4282e+01 9.7003e+00 8.1108e+02
8.0000e+00 -1.0000e+00 -7.7669e-02 3.0380e-01 1.6078e+01 3.2603e+00 2.2430e+02
8.0000e+00 -1.0000e+00 -2.2688e-01 2.7457e-01 1.9684e+01 5.2483e+00 6.1348e+02
9.0000e+00 -1.0000e+00 -3.4236e-02 2.6005e-01 1.8556e+01 3.7105e+00 5.4928e+02
9.0000e+00 -1.0000e+00 -4.8103e-02 2.7989e-01 1.7236e+01 3.2981e+00 2.5534e+02
9.0000e+00 -1.0000e+00 4.8121e-02 2.4597e-01 3.2150e+01 8.0012e+00 1.1093e+03
9.0000e+00 -1.0000e+00 5.5392e-02 3.2284e-01 2.6299e+01 8.0827e+00 5.9590e+02
9.0000e+00 -1.0000e+00 -6.9341e-02 2.6159e-01 3.3233e+01 9.6441e+00 5.7866e+02
9.0000e+00 -1.0000e+00 -1.0605e-01 2.9214e-01 1.7061e+01 3.8429e+00 3.0548e+02
1.0000e+01 -1.0000e+00 -3.2862e-02 2.9904e-01 1.6190e+01 3.5291e+00 4.1933e+02
1.0000e+01 -1.0000e+00 3.6757e-02 2.9886e-01 2.9256e+01 9.3470e+00 1.1246e+03
1.0000e+01 -1.0000e+00 2.8260e-02 2.9412e-01 2.7767e+01 8.0228e+00 4.0549e+02
1.0000e+01 -1.0000e+00 -1.5887e-01 2.5140e-01 2.9652e+01 9.1833e+00 3.9771e+02
1.0000e+01 -1.0000e+00 5.6043e-02 2.9326e-01 2.1363e+01 7.2106e+00 4.9738e+02
1.0000e+01 -1.0000e+00 -6.8619e-02 2.7030e-01 1.8642e+01 3.4091e+00 3.9349e+02
1.1000e+01 -1.0000e+00 -9.9002e-02 2.6420e-01 2.4526e+01 7.6194e+00 3.8564e+02
1.1000e+01 -1.0000e+00 7.8539e-02 3.0844e-01 2.0860e+01 6.6053e+00 6.8621e+02
1.1000e+01 -1.0000e+00 -8.9063e-02 2.5318e-01 2.2671e+01 6.9993e+00 6.7786e+02
1.1000e+01 -1.0000e+00 -6.4498e-03 2.7606e-01 1.7500e+01 3.5969e+00 2.6202e+02
1.1000e+01 -1.0000e+00 -4.9096e-02 2.7254e-01 2.2513e+01 7.0990e+00 6.6234e+02
1.1000e+01 -1.0000e+00 6.2448e-02 2.9751e-01 2.8207e+01 8.2716e+00 8.5251e+02
1.2000e+01 -1.0000e+00 1.4653e-02 3.0739e-01 1.7503e+01 3.7263e+00 7.2634e+02
1.2000e+01 -1.0000e+00 -4.8911e-02 3.2329e-01 3.1137e+01 9.8159e+00 8.8438e+02
1.2000e+01 -1.0000e+00 -5.0914e-03 3.2952e-01 2.6182e+01 7.0160e+00 4.2139e+02
1.2000e+01 -1.0000e+00 4.9710e-02 2.9788e-01 2.2316e+01 6.9024e+00 5.0199e+02
1.2000e+01 -1.0000e+00 -3.5392e-02 2.9895e-01 2.5681e+01 6.2925e+00 5.2518e+02
1.2000e+01 -1.0000e+00 -2.9130e-02 3.0323e-01 1.6201e+01 3.3947e+00 2.6466e+02
1.3000e+01 -1.0000e+00 -5.0075e-04 2.7655e-01 2.6367e+01 7.7414e+00 4.9527e+02
1.3000e+01 -1.0000e+00 -3.3493e-02 2.7520e-01 2.7928e+01 8.0104e+00 8.7426e+02
1.3000e+01 -1.0000e+00 -1.5174e-03 2.8275e-01 2.1096e+01 6.0573e+00 6.2444e+02
1.3000e+01 -1.0000e+00 1.1837e-01 2.5428e-01 3.6348e+01 1.0471e+01 1.1515e+03
1.3000e+01 -1.0000e+00 3.0035e-02 2.0343e-01 1.7289e+01 4.3279e+00 4.0491e+02
1.3000e+01 -1.0000e+00 -4.5751e-02 2.9089e-01 1.7511e+01 4.2106e+00 4.9447e+02
1.4000e+01 -1.0000e+00 -3.5416e-02 2.1652e-01 2.7150e+01 7.9262e+00 6.3042e+02
1.4000e+01 -1.0000e+00 3.6196e-02 2.0934e-01 2.5417e+01 8.8688e+00 5.9428e+02
1.4000e+01 -1.0000e+00 -4.8469e-02 3.0805e-01 1.6860e+01 4.3036e+00 3.1657e+02
1.4000e+01 -1.0000e+00 -4.7272e-02 2.7482e-01 2.1090e+01 6.1830e+00 5.3582e+02
1.4000e+01 -1.0000e+00 6.7274e-03 2.8329e-01 1.9590e+01 5.8501e+00 5.6339e+02
1.4000e+01 -1.0000e+00 1.3083e-02 2.8150e-01 2.5816e+01 6.9002e+00 5.4677e+02
1.5000e+01 -1.0000e+00 7.1092e-02 2.8583e-01 1.8585e+01 4.0598e+00 6.1246e+02
1.5000e+01 -1.0000e+00 1.1084e-03 2.7929e-01 2.5587e+01 7.9679e+00 6.5832e+02
1.5000e+01 -1.0000e+00 -1.2311e-02 2.3684e-01 3.2522e+01 9.1007e+00 6.9082e+02
1.5000e+01 -1.0000e+00 -5.8398e-02 2.9034e-01 2.8916e+01 8.5687e+00 4.7142e+02
1.5000e+01 -1.0000e+00 8.0550e-02 2.5556e-01 2.5052e+01 8.2350e+00 4.9364e+02
1.5000e+01 -1.0000e+00 -1.0954e-01 2.6154e-01 2.0371e+01 6.0249e+00 5.1279e+02
1.6000e+01 -1.0000e+00 5.3294e-02 2.6487e-01 1.7295e+01 3.5796e+00 3.4991e+02
1.6000e+01 -1.0000e+00 -1.3511e-02 2.4736e-01 1.7191e+01 3.7042e+00 5.9725e+02
1.6000e+01 -1.0000e+00 -2.0107e-02 3.3420e-01 2.3637e+01 6.7950e+00 7.2636e+02
1.6000e+01 -1.0000e+00 -5.8933e-02 2.9231e-01 2.9219e+01 8.2167e+00 4.0676e+02
1.6000e+01 -1.0000e+00 1.2566e-01 2.7126e-01 3.2228e+01 1.0716e+01 3.1457e+02
1.6000e+01 -1.0000e+00 -3.8401e-02 3.0332e-01 1.7184e+01 3.8455e+00 5.7154e+02
1.7000e+01 -1.0000e+00 -2.8750e-02 3.0004e-01 1.7957e+01 5.1718e+00 4.4298e+02
1.7000e+01 -1.0000e+00 1.0225e-01 2.6069e-01 1.8466e+01 3.1316e+00 8.4895e+02
1.7000e+01 -1.0000e+00 -3.9230e-02 2.8914e-01 2.1249e+01 6.6837e+00 8.7151e+02
1.7000e+01 -1.0000e+00 6.6889e-02 2.7937e-01 3.0555e+01 9.9365e+00 6.1009e+02
1.7000e+01 -1.0000e+00 -1.0794e-01 2.5357e-01 3.1441e+01 7.0558e+00 7.3352e+02
1.7000e+01 -1.0000e+00 4.3974e-02 2.6324e-01 2.6488e+01 7.7603e+00 6.5697e+02
1.8000e+01 -1.0000e+00 -1.0384e-01 2.5732e-01 2.2361e+01 6.5469e+00 7.6283e+02
1.8000e+01 -1.0000e+00 -5.8401e-02 2.5737e-01 2.5585e+01 5.8898e+00 7.1314e+02
1.8000e+01 -1.0000e+00 3.1471e-02 2.0648e-01 2.0825e+01 6.0677e+00 8.3621e+02
1.8000e+01 -1.0000e+00 -5.0309e-02 2.4976e-01 1.8101e+01 3.5059e+00 3.3127e+02
1.8000e+01 -1.0000e+00 3.6829e-02 2.7856e-01 1.9697e+01 3.9995e+00 3.0354e+02
1.8000e+01 -1.0000e+00 2.4938e-02 2.8365e-01 1.7060e+01 3.7377e+00 5.3040e+02
1.9000e+01 -1.0000e+00 -1.0315e-01 2.5698e-01 2.0308e+01 5.4883e+00 8.5428e+02
1.9000e+01 -1.0000e+00 -4.1908e-03 3.1203e-01 2.3408e+01 6.4876e+00 6.4342e+02
1.9000e+01 -1.0000e+00 3.0169e-02 2.9788e-01 1.5595e+01 3.3696e+00 7.5275e+02
1.9000e+01 -1.0000e+00 -6.7006e-02 3.0937e-01 2.4998e+01 7.6186e+00 6.9510e+02
1.9000e+01 -1.0000e+00 -3.1298e-02 2.5383e-01 1.9433e+01 5.2284e+00 7.9922e+02
1.9000e+01 -1.0000e+00 -3.9451e-02 2.6437e-01 2.0982e+01 5.6736e+00 5.8278e+02
2.0000e+01 -1.0000e+00 -1.0701e-01 2.8103e-01 2.0828e+01 5.7118e+00 6.4756e+02
2.0000e+01 -1.0000e+00 -1.6033e-01 2.6993e-01 2.3307e+01 7.6759e+00 4.2269e+02
2.0000e+01 -1.0000e+00 3.4180e-02 3.1191e-01 1.8612e+01 4.1250e+00 4.5267e+02
2.0000e+01 -1.0000e+00 -2.9947e-02 3.1182e-01 1.8231e+01 3.9678e+00 5.1949e+02
2.0000e+01 -1.0000e+00 2.7157e-02 1.9722e-01 1.6193e+01 3.6451e+00 3.9728e+02
2.0000e+01 -1.0000e+00 -2.9615e-02 2.6881e-01 1.7731e+01 3.1601e+00 3.6792e+02
2.1000e+01 -1.0000e+00 -4.6041e-02 2.5209e-01 2.4853e+01 8.0839e+00 5.2940e+02
2.1000e+01 -1.0000e+00 -4.3355e-02 3.0427e-01 3.3059e+01 7.9267e+00 5.1715e+02
2.1000e+01 -1.0000e+00 -1.0482e-01 2.8571e-01 1.8306e+01 5.5094e+00 8.3018e+02
2.1000e+01 -1.0000e+00 1.7665e-02 2.1428e-01 2.7384e+01 7.5660e+00 6.4500e+02
2.1000e+01 -1.0000e+00 5.1276e-02 3.1754e-01 2.6995e+01 8.5839e+00 7.5094e+02
2.1000e+01 -1.0000e+00 5.3045e-02 2.3837e-01 3.2868e+01 9.8913e+00 5.6526e+02
2.2000e+01 -1.0000e+00 -1.0515e-01 2.6536e-01 1.7888e+01 4.8920e+00 6.8625e+02
2.2000e+01 -1.0000e+00 -1.0510e-01 2.9069e-01 2.0610e+01 5.9223e+00 6.0454e+02
2.2000e+01 -1.0000e+00 -9.8518e-02 2.6341e-01 2.3389e+01 7.1464e+00 5.8975e+02
2.2000e+01 -1.0000e+00 -3.5276e-02 2.3781e-01 2.1241e+01 4.9240e+00 6.5829e+02
2.2000e+01 -1.0000e+00 -1.4850e-02 2.8557e-01 1.8080e+01 3.5308e+00 3.2392e+02
2.2000e+01 -1.0000e+00 -3.5512e-02 2.9875e-01 1.7726e+01 3.1592e+00 2.2441e+02
2.3000e+01 -1.0000e+00 5.9956e-02 2.8881e-01 3.4599e+01 1.3166e+01 4.3416e+02
2.3000e+01 -1.0000e+00 -6.9239e-03 2.7432e-01 1.7055e+01 3.6420e+00 2.7271e+02
2.3000e+01 -1.0000e+00 3.5383e-02 2.2303e-01 3.0344e+01 8.7958e+00 5.6830e+02
2.3000e+01 -1.0000e+00 -4.3671e-02 2.9674e-01 1.7776e+01 4.9742e+00 4.1254e+02
2.3000e+01 -1.0000e+00 -5.1403e-02 2.7078e-01 2.6200e+01 7.5931e+00 4.7238e+02
2.3000e+01 -1.0000e+00 -3.7009e-02 2.7682e-01 1.5782e+01 4.6816e+00 4.0363e+02
2.4000e+01 -1.0000e+00 -1.3926e-02 2.4838e-01 2.3110e+01 6.5835e+00 5.1049e+02
2.4000e+01 -1.0000e+00 1.5154e-02 3.2414e-01 3.3292e+01 8.2169e+00 4.3378e+02
2.4000e+01 -1.0000e+00 -4.4473e-02 2.6935e-01 3.2024e+01 7.6595e+00 5.8096e+02
2.4000e+01 -1.0000e+00 -2.4962e-02 2.7089e-01 1.9544e+01 3.8611e+00 3.3908e+02
2.4000e+01 -1.0000e+00 -3.2065e-02 3.3133e-01 1.7724e+01 3.5364e+00 3.4247e+02
2.4000e+01 -1.0000e+00 -9.8393e-02 2.6219e-01 1.8001e+01 5.6430e+00 3.7614e+02
2.5000e+01 -1.0000e+00 -2.1870e-02 2.9300e-01 1.5723e+01 3.8420e+00 2.0856e+02
2.5000e+01 -1.0000e+00 -1.7768e-02 2.7983e-01 1.6813e+01 4.9216e+00 7.1819e+02
2.5000e+01 -1.0000e+00 6.8593e-02 2.8422e-01 2.4141e+01 7.6017e+00 6.7923e+02
2.5000e+01 -1.0000e+00 -1.0789e-01 2.7627e-01 3.0181e+01 8.9730e+00 5.2893e+02
2.5000e+01 -1.0000e+00 -9.9470e-02 2.4245e-01 2.5430e+01 6.8944e+00 5.1415e+02
2.5000e+01 -1.0000e+00 2.1079e-02 2.2495e-01 2.5846e+01 7.6149e+00 5.7159e+02
2.6000e+01 -1.0000e+00 -1.7278e-02 2.8212e-01 1.6733e+01 3.5914e+00 3.6103e+02
2.6000e+01 -1.0000e+00 1.0929e-01 2.9311e-01 1.7791e+01 3.9399e+00 4.6260e+02
2.6000e+01 -1.0000e+00 3.8309e-02 2.4050e-01 2.7575e+01 8.3558e+00 9.8133e+02
2.6000e+01 -1.0000e+00 -5.2156e-02 2.7847e-01 1.7219e+01 3.4493e+00 2.5728e+02
2.6000e+01 -1.0000e+00 -2.6558e-02 2.4139e-01 2.1671e+01 6.4418e+00 5.0717e+02
2.6000e+01 -1.0000e+00 -4.4526e-02 2.7879e-01 2.3467e+01 7.2817e+00 7.3939e+02
2.7000e+01 -1.0000e+00 3.4323e-02 2.0966e-01 2.4589e+01 7.0228e+00 4.8908e+02
2.7000e+01 -1.0000e+00 6.3310e-02 2.3950e-01 2.8266e+01 9.5920e+00 5.8395e+02
2.7000e+01 -1.0000e+00 4.6416e-02 2.4475e-01 2.1502e+01 6.6281e+00 6.7295e+02
2.7000e+01 -1.0000e+00 -3.4240e-02 2.7867e-01 2.1913e+01 6.1230e+00 6.5212e+02
2.7000e+01 -1.0000e+00 -3.1021e-02 2.9767e-01 2.6288e+01 7.8811e+00 4.0785e+02
2.7000e+01 -1.0000e+00 -6.0236e-02 3.0023e-01 2.2365e+01 6.6328e+00 4.0777e+02
2.8000e+01 -1.0000e+00 -1.1127e-01 2.4346e-01 2.3355e+01 6.7479e+00 7.4245e+02
2.8000e+01 -1.0000e+00 2.7983e-02 2.1667e-01 2.5188e+01 7.7007e+00 5.0791e+02
2.8000e+01 -1.0000e+00 1.2465e-02 2.8176e-01 1.9570e+01 5.0766e+00 6.5800e+02
2.8000e+01 -1.0000e+00 -1.6616e-02 2.9281e-01 1.6311e+01 3.2792e+00 1.8542e+02
2.8000e+01 -1.0000e+00 4.2102e-02 2.0129e-01 1.7740e+01 4.2473e+00 6.5506e+02
2.8000e+01 -1.0000e+00 -8.7843e-02 2.7926e-01 1.7872e+01 3.5819e+00 3.4240e+02
2.9000e+01 -1.0000e+00 -9.5213e-02 2.9436e-01 1.8766e+01 5.1841e+00 5.0784e+02
2.9000e+01 -1.0000e+00 -3.4084e-02 2.8434e-01 1.5920e+01 3.7729e+00 4.1125e+02
2.9000e+01 -1.0000e+00 -5.0507e-02 2.5243e-01 2.0239e+01 5.8768e+00 6.1130e+02
2.9000e+01 -1.0000e+00 1.2686e-01 2.8783e-01 1.7668e+01 4.3110e+00 2.6345e+02
2.9000e+01 -1.0000e+00 8.9777e-02 2.5666e-01 1.7978e+01 3.2982e+00 4.0075e+02
2.9000e+01 -1.0000e+00 -1.1660e-01 2.5912e-01 1.9353e+01 4.8752e+00 6.6556e+02
3.0000e+01 -1.0000e+00 -5.3760e-02 2.9427e-01 1.5679e+01 3.7703e+00 6.4227e+02
3.0000e+01 -1.0000e+00 2.2065e-02 2.7512e-01 3.3280e+01 8.6598e+00 5.6939e+02
3.0000e+01 -1.0000e+00 4.4537e-02 2.7035e-01 2.5144e+01 7.0229e+00 5.4023e+02
3.0000e+01 -1.0000e+00 6.2011e-02 3.2330e-01 2.9769e+01 1.0335e+01 2.2654e+02
3.0000e+01 -1.0000e+00 -9.0585e-02 2.8484e-01 1.8168e+01 3.7058e+00 7.3405e+02
3.0000e+01 -1.0000e+00 -5.9026e-02 3.1394e-01 1.9832e+01 5.7491e+00 4.8340e+02
3.1000e+01 -1.0000e+00 -5.5721e-02 2.9074e-01 2.6118e+01 7.9775e+00 4.5120e+02
3.1000e+01 -1.0000e+00 3.1537e-02 1.9924e-01 1.8966e+01 6.3406e+00 5.1141e+02
3.1000e+01 -1.0000e+00 1.8329e-02 2.7477e-01 2.6999e+01 7.6996e+00 5.7778e+02
3.1000e+01 -1.0000e+00 -2.8881e-02 2.9239e-01 2.2147e+01 7.0262e+00 8.7611e+02
3.1000e+01 -1.0000e+00 5.2808e-02 2.8668e-01 3.0899e+01 8.5898e+00 3.9936e+02
3.1000e+01 -1.0000e+00 -4.4557e-02 2.7467e-01 2.4072e+01 6.4429e+00 1.3652e+03
3.2000e+01 -1.0000e+00 6.1539e-02 3.1753e-01 2.3321e+01 7.2097e+00 6.9009e+02
3.2000e+01 -1.0000e+00 5.5950e-03 3.0155e-01 1.9488e+01 6.0141e+00 5.4934e+02
3.2000e+01 -1.0000e+00 2.6836e-03 2.7708e-01 2.3031e+01 6.6299e+00 3.8278e+02
3.2000e+01 -1.0000e+00 -4.4262e-04 2.8275e-01 1.9335e+01 5.5069e+00 3.3715e+02
3.2000e+01 -1.0000e+00 4.9372e-02 3.1622e-01 2.1707e+01 6.9729e+00 6.9869e+02
3.2000e+01 -1.0000e+00 -5.5940e-02 2.9952e-01 1.8401e+01 4.6515e+00 6.8331e+02
3.3000e+01 -1.0000e+00 7.3096e-02 2.5641e-01 1.6403e+01 3.8644e+00 3.5320e+02
3.3000e+01 -1.0000e+00 1.4502e-02 3.0406e-01 2.2165e+01 6.0964e+00 5.2059e+02
3.3000e+01 -1.0000e+00 -3.1702e-02 2.9144e-01 1.7653e+01 3.8378e+00 5.4840e+02
3.3000e+01 -1.0000e+00 3.5677e-02 2.8807e-01 1.9128e+01 3.9572e+00 3.0215e+02
3.3000e+01 -1.0000e+00 -1.6922e-01 2.5011e-01 1.8910e+01 4.4799e+00 9.0027e+02
3.3000e+01 -1.0000e+00 5.6318e-03 2.4758e-01 3.0137e+01 9.6354e+00 5.0925e+02
3.4000e+01 -1.0000e+00 -2.8117e-02 2.9493e-01 1.5123e+01 3.3566e+00 5.2931e+02
3.4000e+01 -1.0000e+00 2.7654e-02 2.8313e-01 2.4760e+01 6.0412e+00 4.4733e+02
3.4000e+01 -1.0000e+00 1.0893e-01 2.5848e-01 2.5983e+01 7.4000e+00 4.1504e+02
3.4000e+01 -1.0000e+00 2.3424e-02 1.9926e-01 2.0260e+01 6.9829e+00 6.7939e+02
3.4000e+01 -1.0000e+00 1.5442e-02 3.1876e-01 2.1467e+01 6.5313e+00 7.8127e+02
3.4000e+01 -1.0000e+00 -6.1971e-02 3.2840e-01 2.3913e+01 7.5149e+00 6.7246e+02
3.5000e+01 -1.0000e+00 8.0509e-02 2.6480e-01 1.8401e+01 4.5190e+00 6.7901e+02
3.5000e+01 -1.0000e+00 6.0444e-02 3.0859e-01 2.3286e+01 6.7016e+00 6.1888e+02
3.5000e+01 -1.0000e+00 -2.8644e-02 2.5844e-01 2.1668e+01 5.8575e+00 6.0022e+02
3.5000e+01 -1.0000e+00 -5.5948e-02 2.7238e-01 3.3564e+01 8.5944e+00 6.1984e+02
3.5000e+01 -1.0000e+00 6.3617e-03 3.1106e-01 2.0793e+01 5.0376e+00 5.4450e+02
3.5000e+01 -1.0000e+00 6.8374e-04 2.8848e-01 2.6182e+01 7.9379e+00 6.7089e+02
3.6000e+01 -1.0000e+00 7.8006e-02 2.2520e-01 3.1368e+01 8.4932e+00 5.9945e+02
3.6000e+01 -1.0000e+00 -1.5894e-01 2.8285e-01 1.6839e+01 3.9412e+00 3.7758e+02
3.6000e+01 -1.0000e+00 -1.0080e-01 2.7954e-01 1.8859e+01 3.4511e+00 2.5671e+02
3.6000e+01 -1.0000e+00 -2.1165e-02 2.5257e-01 3.1468e+01 9.2782e+00 6.6350e+02
3.6000e+01 -1.0000e+00 -9.8814e-02 2.3343e-01 2.5216e+01 5.7995e+00 7.2739e+02
3.6000e+01 -1.0000e+00 5.2554e-02 2.6604e-01 2.2047e+01 5.9631e+00 8.4883e+02
3.7000e+01 -1.0000e+00 -1.0337e-01 2.6561e-01 1.5911e+01 4.6198e+00 4.3774e+02
3.7000e+01 -1.0000e+00 -2.3325e-02 2.8007e-01 3.0084e+01 8.3073e+00 3.5346e+02
3.7000e+01 -1.0000e+00 -3.2322e-02 2.8885e-01 2.2586e+01 6.3382e+00 7.5712e+02
3.7000e+01 -1.0000e+00 6.5447e-02 2.9072e-01 3.0783e+01 1.0358e+01 4.4994e+02
3.7000e+01 -1.0000e+00 -1.5163e-01 2.3544e-01 1.7599e+01 4.3087e+00 5.9226e+02
3.7000e+01 -1.0000e+00 5.7369e-02 2.9381e-01 3.0161e+01 8.4069e+00 4.7918e+02
3.8000e+01 -1.0000e+00 -1.2529e-02 2.5893e-01 1.6396e+01 3.1194e+00 2.5316e+02
3.8000e+01 -1.0000e+00 -1.0202e-01 2.3234e-01 2.5696e+01 6.7373e+00 7.8988e+02
3.8000e+01 -1.0000e+00 -5.8831e-02 2.5657e-01 2.1436e+01 5.7866e+00 6.0522e+02
3.8000e+01 -1.0000e+00 -4.3641e-02 2.3748e-01 2.5663e+01 9.0234e+00 7.8112e+02
3.8000e+01 -1.0000e+00 3.7805e-02 2.1676e-01 2.4941e+01 7.4151e+00 5.0331e+02
3.8000e+01 -1.0000e+00 -1.9124e-02 2.9722e-01 1.6720e+01 3.5539e+00 3.1744e+02
3.9000e+01 -1.0000e+00 -4.2490e-02 3.0641e-01 1.7737e+01 4.0063e+00 2.7966e+02
3.9000e+01 -1.0000e+00 3.7701e-02 2.1419e-01 3.0068e+01 9.0404e+00 5.4941e+02
3.9000e+01 -1.0000e+00 -1.0560e-01 2.9441e-01 2.0886e+01 6.2598e+00 3.5835e+02
3.9000e+01 -1.0000e+00 -9.5294e-02 2.6560e-01 2.1002e+01 5.5416e+00 5.9850e+02
3.9000e+01 -1.0000e+00 -6.1788e-02 2.6498e-01 2.5163e+01 6.8693e+00 6.0737e+02
3.9000e+01 -1.0000e+00 1.4056e-02 3.2768e-01 2.0316e+01 6.1679e+00 7.9568e+02
4.0000e+01 -1.0000e+00 -1.0057e-01 2.6549e-01 2.1803e+01 6.5912e+00 7.0610e+02
4.0000e+01 -1.0000e+00 -3.1553e-02 2.9696e-01 1.5651e+01 3.7289e+00 4.1941e+02
4.0000e+01 -1.0000e+00 -5.3357e-02 2.8930e-01 1.5057e+01 3.4054e+00 3.1141e+02
4.0000e+01 -1.0000e+00 -3.6274e-02 2.5745e-01 1.6944e+01 3.5796e+00 4.1966e+02
4.0000e+01 -1.0000e+00 -1.6523e-01 2.4361e-01 2.6448e+01 7.8601e+00 4.8622e+02
4.0000e+01 -1.0000e+00 -1.1389e-01 2.4561e-01 2.6933e+01 7.6684e+00 4.3431e+02
4.1000e+01 -1.0000e+00 2.9406e-03 2.6214e-01 2.0609e+01 6.0507e+00 4.7571e+02
4.1000e+01 -1.0000e+00 3.6254e-02 2.8841e-01 2.1201e+01 6.1542e+00 3.9501e+02
4.1000e+01 -1.0000e+00 -1.0314e-01 2.2693e-01 2.5231e+01 7.8133e+00 8.3577e+02
4.1000e+01 -1.0000e+00 3.6351e-02 2.8041e-01 2.1871e+01 6.2258e+00 8.8847e+02
4.1000e+01 -1.0000e+00 -5.0192e-02 2.4209e-01 1.6573e+01 3.7619e+00 2.4770e+02
4.1000e+01 -1.0000e+00 -9.3729e-02 2.7125e-01 2.0042e+01 6.4303e+00 5.6020e+02
4.2000e+01 -1.0000e+00 -2.3398e-02 2.9198e-01 1.8382e+01 4.1113e+00 4.4885e+02
4.2000e+01 -1.0000e+00 1.0693e-01 2.5766e-01 2.0432e+01 3.8630e+00 3.0156e+02
4.2000e+01 -1.0000e+00 2.5956e-02 2.3790e-01 2.8111e+01 9.2797e+00 5.6100e+02
4.2000e+01 -1.0000e+00 -9.6672e-02 2.6183e-01 1.5348e+01 3.9497e+00 5.8080e+02
4.2000e+01 -1.0000e+00 -1.1074e-01 2.6716e-01 1.8104e+01 4.6340e+00 6.3697e+02
4.2000e+01 -1.0000e+00 3.2481e-02 2.5511e-01 1.5153e+01 3.3465e+00 2.0847e+02
4.3000e+01 -1.0000e+00 3.0332e-02 2.0555e-01 2.4279e+01 6.7108e+00 4.7933e+02
4.3000e+01 -1.0000e+00 -9.7009e-02 2.7837e-01 2.4170e+01 6.6606e+00 7.5767e+02
4.3000e+01 -1.0000e+00 -4.6621e-02 3.0448e-01 2.8430e+01 8.4468e+00 7.4634e+02
4.3000e+01 -1.0000e+00 -1.0111e-01 3.0124e-01 2.5503e+01 7.9992e+00 6.1687e+02
4.3000e+01 -1.0000e+00 -5.4521e-02 2.8135e-01 2.4682e+01 7.4855e+00 3.5032e+02
4.3000e+01 -1.0000e+00 -4.8647e-02 3.0570e-01 2.1395e+01 6.1579e+00 9.3689e+02
4.4000e+01 -1.0000e+00 -5.7810e-02 2.6579e-01 2.9899e+01 8.0781e+00 5.5370e+02
4.4000e+01 -1.0000e+00 -8.6170e-03 2.7166e-01 2.3775e+01 6.8360e+00 8.5988e+02
4.4000e+01 -1.0000e+00 -3.9125e-02 2.4714e-01 1.8168e+01 3.8638e+00 6.4918e+02
4.4000e+01 -1.0000e+00 3.4530e-02 2.4267e-01 2.4003e+01 6.7676e+00 5.9793e+02
4.4000e+01 -1.0000e+00 -1.0383e-03 2.8782e-01 2.2802e+01 5.9374e+00 6.2401e+02
4.4000e+01 -1.0000e+00 -3.0425e-02 2.6471e-01 1.7217e+01 3.4411e+00 6.0328e+02
4.5000e+01 -1.0000e+00 -3.1043e-02 2.8163e-01 1.5982e+01 3.4311e+00 2.4911e+02
4.5000e+01 -1.0000e+00 1.4784e-02 2.7557e-01 1.6288e+01 3.1483e+00 1.9578e+02
4.5000e+01 -1.0000e+00 1.2873e-01 2.4424e-01 3.2889e+01 8.0278e+00 1.0186e+03
4.5000e+01 -1.0000e+00 -3.4179e-02 2.9203e-01 1.8367e+01 5.3957e+00 4.6700e+02
4.5000e+01 -1.0000e+00 7.1211e-02 2.6095e-01 3.1700e+01 9.5181e+00 8.6050e+02
4.5000e+01 -1.0000e+00 -1.6578e-01 2.2465e-01 2.7652e+01 7.7137e+00 9.6461e+02
4.6000e+01 -1.0000e+00 -3.2477e-02 2.8929e-01 1.9489e+01 4.4635e+00 7.2401e+02
4.6000e+01 -1.0000e+00 1.1735e-01 2.7484e-01 2.2899e+01 7.4536e+00 7.3738e+02
4.6000e+01 -1.0000e+00 7.5466e-02 3.1143e-01 1.6744e+01 3.4258e+00 3.3148e+02
4.6000e+01 -1.0000e+00 -4.0775e-02 2.8921e-01 2.8474e+01 7.5885e+00 3.8863e+02
4.6000e+01 -1.0000e+00 -9.7337e-02 2.9709e-01 1.9745e+01 5.3868e+00 8.4023e+02
4.6000e+01 -1.0000e+00 -1.0161e-01 2.3776e-01 2.6589e+01 7.0873e+00 9.0082e+02
4.7000e+01 -1.0000e+00 -4.4568e-02 2.8140e-01 2.5010e+01 8.0293e+00 6.4334e+02
4.7000e+01 -1.0000e+00 -1.4554e-02 2.9688e-01 2.7586e+01 6.7393e+00 6.4958e+02
4.7000e+01 -1.0000e+00 -6.5573e-02 2.6421e-01 2.0522e+01 5.2821e+00 8.3783e+02
4.7000e+01 -1.0000e+00 -4.0735e-02 2.9010e-01 2.0173e+01 4.2346e+00 8.3512e+02
4.7000e+01 -1.0000e+00 -3.3647e-02 2.9189e-01 1.7727e+01 3.5064e+00 2.5569e+02
4.7000e+01 -1.0000e+00 2.1045e-02 2.0358e-01 3.3306e+01 8.8097e+00 4.7222e+02
4.8000e+01 -1.0000e+00 -5.3595e-02 3.0687e-01 2.4739e+01 7.1801e+00 7.1295e+02
4.8000e+01 -1.0000e+00 -1.0771e-01 2.0394e-01 1.7818e+01 3.8141e+00 4.5383e+02
4.8000e+01 -1.0000e+00 -4.4919e-03 2.8249e-01 2.1581e+01 4.3676e+00 5.0725e+02
4.8000e+01 -1.0000e+00 1.1769e-01 2.2315e-01 3.1006e+01 8.7761e+00 6.1847e+02
4.8000e+01 -1.0000e+00 1.2089e-02 3.0845e-01 2.2485e+01 6.5038e+00 4.9894e+02
4.8000e+01 -1.0000e+00 4.4981e-02 2.5949e-01 2.3779e+01 6.8046e+00 6.2177e+02
4.9000e+01 -1.0000e+00 4.5305e-04 2.9632e-01 2.9859e+01 8.4603e+00 5.4733e+02
4.9000e+01 -1.0000e+00 2.6547e-02 2.2333e-01 2.2664e+01 6.8154e+00 4.6636e+02
4.9000e+01 -1.0000e+00 -1.0031e-01 2.7074e-01 1.7550e+01 4.4292e+00 6.5439e+02
4.9000e+01 -1.0000e+00 -2.9537e-02 2.6800e-01 1.4605e+01 3.4302e+00 3.2570e+02
4.9000e+01 -1.0000e+00 -4.4319e-02 2.6802e-01 1.8227e+01 3.5320e+00 5.5438e+02
4.9000e+01 -1.0000e+00 1.0083e-02 3.2053e-01 1.6684e+01 3.5227e+00 3.9003e+02
5.0000e+01 -1.0000e+00 1.3549e-02 2.8569e-01 2.4982e+01 6.9249e+00 7.8044e+02
5.0000e+01 -1.0000e+00 -1.0369e-01 2.9230e-01 2.4128e+01 7.3645e+00 5.6720e+02
5.0000e+01 -1.0000e+00 2.7484e-02 2.1494e-01 2.4696e+01 7.0096e+00 6.1907e+02
5.0000e+01 -1.0000e+00 -9.6589e-02 2.7728e-01 2.1680e+01 5.3648e+00 5.5121e+02
5.0000e+01 -1.0000e+00 -5.9388e-02 3.0820e-01 2.5029e+01 7.4109e+00 4.5666e+02
5.0000e+01 -1.0000e+00 -9.7320e-02 2.5864e-01 2.1769e+01 5.9473e+00 4.8574e+02
5.1000e+01 -1.0000e+00 2.2644e-02 3.0306e-01 2.0033e+01 5.9758e+00 6.4597e+02
5.1000e+01 -1.0000e+00 -3.4784e-02 2.7756e-01 2.2266e+01 6.8172e+00 5.2006e+02
5.1000e+01 -1.0000e+00 -1.5454e-01 2.7403e-01 1.9025e+01 6.0659e+00 5.5437e+02
5.1000e+01 -1.0000e+00 2.3538e-02 2.7871e-01 2.7049e+01 8.0125e+00 4.4172e+02
5.1000e+01 -1.0000e+00 -1.0710e-01 2.7825e-01 2.6352e+01 7.0292e+00 7.4517e+02
5.1000e+01 -1.0000e+00 -8.6784e-02 2.7911e-01 2.3548e+01 7.4503e+00 7.6374e+02
5.2000e+01 -1.0000e+00 -3.3472e-02 2.9875e-01 1.9351e+01 5.5622e+00 1.0325e+03
5.2000e+01 -1.0000e+00 -7.1602e-02 2.7222e-01 1.8129e+01 3.6985e+00 2.6176e+02
5.2000e+01 -1.0000e+00 -2.6288e-02 2.4480e-01 2.1427e+01 5.2205e+00 6.3618e+02
5.2000e+01 -1.0000e+00 -5.6402e-02 2.3594e-01 1.8228e+01 5.2158e+00 6.6719e+02
5.2000e+01 -1.0000e+00 -1.0974e-01 2.9344e-01 3.0863e+01 8.3219e+00 4.6556e+02
5.2000e+01 -1.0000e+00 -4.0200e-02 2.6444e-01 1.7992e+01 3.9178e+00 5.3866e+02
5.3000e+01 -1.0000e+00 -3.6866e-02 2.7778e-01 1.8399e+01 5.1046e+00 6.8471e+02
5.3000e+01 -1.0000e+00 -6.1112e-03 3.0554e-01 3.4005e+01 8.6528e+00 5.8558e+02
5.3000e+01 -1.0000e+00 -6.2748e-02 3.2944e-01 2.1093e+01 6.8387e+00 7.4779e+02
5.3000e+01 -1.0000e+00 -5.4693e-02 2.8110e-01 2.5450e+01 7.4042e+00 8.7031e+02
5.3000e+01 -1.0000e+00 1.1855e-01 2.8506e-01 2.1122e+01 6.8277e+00 5.7346e+02
5.3000e+01 -1.0000e+00 -2.1863e-01 2.0314e-01 1.6181e+01 3.5980e+00 3.0770e+02
5.4000e+01 -1.0000e+00 5.7892e-02 2.8094e-01 2.8804e+01 6.6822e+00 4.9699e+02
5.4000e+01 -1.0000e+00 -3.4378e-02 2.7025e-01 2.0865e+01 5.6766e+00 6.0820e+02
5.4000e+01 -1.0000e+00 2.3900e-02 2.7141e-01 2.4652e+01 5.7399e+00 8.6827e+02
5.4000e+01 -1.0000e+00 -3.1957e-02 2.7268e-01 1.7094e+01 3.6998e+00 5.8733e+02
5.4000e+01 -1.0000e+00 1.1720e-01 2.7739e-01 2.0672e+01 6.0588e+00 5.8635e+02
5.4000e+01 -1.0000e+00 2.6545e-02 2.9254e-01 1.6715e+01 3.9589e+00 2.7665e+02
5.5000e+01 -1.0000e+00 -3.2649e-02 2.7109e-01 1.7891e+01 3.6175e+00 2.4154e+02
5.5000e+01 -1.0000e+00 -4.4798e-02 2.8825e-01 1.9756e+01 4.9815e+00 6.6309e+02
5.5000e+01 -1.0000e+00 -3.5093e-02 3.1040e-01 1.8544e+01 5.1799e+00 3.6632e+02
5.5000e+01 -1.0000e+00 -9.5874e-02 2.9241e-01 1.7847e+01 3.7648e+00 7.4550e+02
5.5000e+01 -1.0000e+00 7.3892e-03 3.2463e-01 2.0940e+01 4.2463e+00 8.5255e+02
5.5000e+01 -1.0000e+00 -4.9137e-02 2.6674e-01 1.6592e+01 3.2839e+00 4.6329e+02
5.6000e+01 -1.0000e+00 3.0199e-02 2.3043e-01 2.2006e+01 6.5065e+00 5.0587e+02
5.6000e+01 -1.0000e+00 -1.5403e-01 2.3541e-01 1.7575e+01 4.6386e+00 4.0461e+02
5.6000e+01 -1.0000e+00 9.4015e-02 2.7549e-01 2.4031e+01 6.1793e+00 5.1029e+02
5.6000e+01 -1.0000e+00 -3.8229e-02 2.9012e-01 2.2784e+01 6.9093e+00 5.3312e+02
5.6000e+01 -1.0000e+00 -1.6959e-01 2.3605e-01 2.9558e+01 7.9348e+00 4.9323e+02
5.6000e+01 -1.0000e+00 -1.1734e-01 2.7984e-01 2.7945e+01 8.0532e+00 5.0040e+02
5.7000e+01 -1.0000e+00 -2.7313e-02 3.1352e-01 2.1328e+01 6.1691e+00 4.3257e+02
5.7000e+01 -1.0000e+00 2.6982e-02 2.0487e-01 2.9225e+01 8.7710e+00 4.8932e+02
5.7000e+01 -1.0000e+00 7.8106e-02 2.1044e-01 2.5571e+01 6.9236e+00 4.6647e+02
5.7000e+01 -1.0000e+00 7.4585e-02 2.8109e-01 1.7717e+01 5.4424e+00 4.5112e+02
5.7000e+01 -1.0000e+00 1.7666e-03 3.1374e-01 2.4720e+01 7.3350e+00 5.3443e+02
5.7000e+01 -1.0000e+00 -2.7520e-02 2.9120e-01 1.5009e+01 3.6189e+00 2.2156e+02
5.8000e+01 -1.0000e+00 7.1539e-03 2.7750e-01 3.2362e+01 7.9904e+00 5.2107e+02
5.8000e+01 -1.0000e+00 -3.7599e-02 2.9351e-01 2.0185e+01 3.6048e+00 5.1244e+02
5.8000e+01 -1.0000e+00 6.0069e-03 2.7879e-01 3.0642e+01 7.4394e+00 5.4482e+02
5.8000e+01 -1.0000e+00 -9.1077e-02 2.7421e-01 1.6489e+01 3.2167e+00 2.2238e+02
5.8000e+01 -1.0000e+00 -1.5912e-01 2.4075e-01 1.6915e+01 4.2419e+00 4.5851e+02
5.8000e+01 -1.0000e+00 -6.7095e-02 2.7685e-01 2.3044e+01 6.8325e+00 6.6226e+02
5.9000e+01 -1.0000e+00 3.2198e-02 2.5011e-01 2.4306e+01 6.3527e+00 5.4000e+02
5.9000e+01 -1.0000e+00 -5.6162e-02 3.1424e-01 1.7060e+01 3.9007e+00 4.3850e+02
5.9000e+01 -1.0000e+00 -4.3683e-02 3.0760e-01 2.4864e+01 7.7591e+00 6.6112e+02
5.9000e+01 -1.0000e+00 -3.5239e-02 2.5591e-01 1.9902e+01 5.9848e+00 5.7177e+02
5.9000e+01 -1.0000e+00 -7.1050e-02 3.0304e-01 2.4113e+01 7.2171e+00 6.5935e+02
5.9000e+01 -1.0000e+00 1.7408e-02 3.2068e-01 1.6639e+01 3.4845e+00 2.6560e+02
6.0000e+01 -1.0000e+00 -1.1066e-01 2.7472e-01 2.8436e+01 6.9294e+00 7.5246e+02
6.0000e+01 -1.0000e+00 1.3248e-02 3.0685e-01 2.2771e+01 6.8058e+00 7.7345e+02
6.0000e+01 -1.0000e+00 -3.2287e-02 2.8266e-01 1.5798e+01 3.8407e+00 9.1018e+02
6.0000e+01 -1.0000e+00 -4.5916e-02 3.0686e-01 1.6513e+01 3.2178e+00 2.6110e+02
6.0000e+01 -1.0000e+00 -3.3452e-02 2.3135e-01 2.3237e+01 6.0992e+00 8.8969e+02
6.0000e+01 -1.0000e+00 -3.2302e-02 2.5324e-01 1.7197e+01 3.6693e+00 2.6425e+02
6.1000e+01 -1.0000e+00 3.0778e-02 2.7300e-01 2.3547e+01 6.7693e+00 6.3465e+02
6.1000e+01 -1.0000e+00 1.6034e-02 2.9849e-01 2.2286e+01 7.0858e+00 7.0840e+02
6.1000e+01 -1.0000e+00 -5.0874e-02 2.7321e-01 2.3715e+01 6.3954e+00 7.0185e+02
6.1000e+01 -1.0000e+00 -9.5906e-02 2.7278e-01 2.5705e+01 7.8559e+00 4.7155e+02
6.1000e+01 -1.0000e+00 2.0538e-02 2.9812e-01 2.3139e+01 6.7497e+00 5.8330e+02
6.1000e+01 -1.0000e+00 -6.3271e-02 2.7054e-01 2.7105e+01 7.2369e+00 5.3914e+02
6.2000e+01 -1.0000e+00 1.0633e-01 2.6265e-01 2.0296e+01 4.1853e+00 3.9132e+02
6.2000e+01 -1.0000e+00 -1.1034e-01 2.6671e-01 1.9910e+01 5.4139e+00 8.3144e+02
6.2000e+01 -1.0000e+00 -1.7191e-01 2.4356e-01 1.6379e+01 4.0435e+00 4.8455e+02
6.2000e+01 -1.0000e+00 -3.8079e-03 3.0703e-01 2.1383e+01 6.5141e+00 6.2089e+02
6.2000e+01 -1.0000e+00 9.3591e-02 2.5087e-01 2.8293e+01 7.9492e+00 8.1430e+02
6.2000e+01 -1.0000e+00 1.1949e-01 2.9471e-01 2.8046e+01 8.0514e+00 4.5829e+02
6.3000e+01 -1.0000e+00 6.2009e-02 3.3602e-01 1.8716e+01 4.3247e+00 7.2547e+02
6.3000e+01 -1.0000e+00 -1.6554e-01 1.9976e-01 2.8442e+01 7.7725e+00 5.4085e+02
6.3000e+01 -1.0000e+00 8.0798e-02 2.9079e-01 1.8056e+01 3.9985e+00 6.0242e+02
6.3000e+01 -1.0000e+00 -9.2494e-03 2.7125e-01 3.0000e+01 8.6388e+00 6.3882e+02
6.3000e+01 -1.0000e+00 6.3915e-02 2.7317e-01 2.2370e+01 5.8448e+00 8.4533e+02
6.3000e+01 -1.0000e+00 3.1658e-02 2.7366e-01 2.0663e+01 5.5764e+00 4.7932e+02
6.4000e+01 -1.0000e+00 6.5545e-02 2.6212e-01 2.6129e+01 4.9718e+00 1.0346e+03
6.4000e+01 -1.0000e+00 -3.8099e-02 2.7174e-01 2.4153e+01 6.6324e+00 4.8142e+02
6.4000e+01 -1.0000e+00 -2.0516e-01 2.1031e-01 1.5809e+01 4.3282e+00 6.1666e+02
6.4000e+01 -1.0000e+00 7.8019e-02 2.9921e-01 1.8258e+01 3.6806e+00 2.4151e+02
6.4000e+01 -1.0000e+00 1.3706e-02 3.0450e-01 2.1750e+01 6.4825e+00 6.3139e+02
6.4000e+01 -1.0000e+00 -4.9874e-02 2.6602e-01 2.9138e+01 6.3904e+00 6.4475e+02
6.5000e+01 -1.0000e+00 -9.3022e-02 2.6569e-01 2.1194e+01 6.3116e+00 5.8853e+02
6.5000e+01 -1.0000e+00 9.1269e-02 2.8690e-01 1.6773e+01 3.5703e+00 4.0409e+02
6.5000e+01 -1.0000e+00 4.7418e-02 2.6425e-01 1.8734e+01 5.2801e+00 4.6123e+02
6.5000e+01 -1.0000e+00 -3.7305e-02 3.0314e-01 2.3799e+01 5.3183e+00 4.0167e+02
6.5000e+01 -1.0000e+00 -5.3056e-02 2.8773e-01 2.7400e+01 8.2647e+00 3.8184e+02
6.5000e+01 -1.0000e+00 -4.2350e-02 2.5901e-01 1.9535e+01 4.3519e+00 6.0742e+02
6.6000e+01 -1.0000e+00 9.0953e-02 3.0655e-01 2.0525e+01 5.8088e+00 6.8648e+02
6.6000e+01 -1.0000e+00 1.3977e-01 2.4517e-01 2.7855e+01 7.4795e+00 6.1040e+02
6.6000e+01 -1.0000e+00 1.0039e-01 2.6949e-01 2.5127e+01 7.7635e+00 8.6643e+02
6.6000e+01 -1.0000e+00 -8.8451e-02 3.0233e-01 1.9524e+01 5.4305e+00 5.4924e+02
6.6000e+01 -1.0000e+00 -5.1641e-02 2.9204e-01 2.8768e+01 7.5942e+00 4.4730e+02
6.6000e+01 -1.0000e+00 -5.6456e-02 2.8771e-01 1.6662e+01 3.6882e+00 5.8946e+02
6.7000e+01 -1.0000e+00 -4.9873e-02 3.0501e-01 1.6758e+01 3.7817e+00 4.1758e+02
6.7000e+01 -1.0000e+00 -1.1779e-01 2.5892e-01 3.5269e+01 9.4212e+00 4.9656e+02
6.7000e+01 -1.0000e+00 2.5974e-02 2.5308e-01 1.7110e+01 5.6719e+00 6.7220e+02
6.7000e+01 -1.0000e+00 2.0983e-02 2.9665e-01 1.7945e+01 5.5220e+00 6.4729e+02
6.7000e+01 -1.0000e+00 -1.0226e-01 2.6658e-01 2.4632e+01 7.4897e+00 1.0942e+03
6.7000e+01 -1.0000e+00 7.2065e-03 2.9838e-01 1.9758e+01 5.6033e+00 1.0484e+03
6.8000e+01 -1.0000e+00 -1.0136e-01 2.5480e-01 1.6065e+01 4.1329e+00 3.8046e+02
6.8000e+01 -1.0000e+00 -4.1552e-02 2.6580e-01 1.6888e+01 3.6944e+00 4.2595e+02
6.8000e+01 -1.0000e+00 -6.2735e-02 2.6163e-01 2.4934e+01 8.1830e+00 4.5925e+02
6.8000e+01 -1.0000e+00 -1.0108e-01 2.5446e-01 1.6677e+01 5.0531e+00 3.9954e+02
6.8000e+01 -1.0000e+00 -1.0243e-01 2.6594e-01 2.6162e+01 8.3524e+00 5.2472e+02
6.8000e+01 -1.0000e+00 -7.0632e-02 3.2965e-01 1.9479e+01 5.2434e+00 6.7304e+02
6.9000e+01 -1.0000e+00 -3.9268e-02 2.9038e-01 1.5994e+01 3.7613e+00 9.1489e+02
6.9000e+01 -1.0000e+00 -3.4856e-02 3.1208e-01 2.1322e+01 6.1245e+00 6.4396e+02
6.9000e+01 -1.0000e+00 -1.1074e-01 2.8067e-01 2.3225e+01 7.0212e+00 6.6972e+02
6.9000e+01 -1.0000e+00 -9.0654e-02 2.8394e-01 1.7694e+01 5.0715e+00 5.3107e+02
6.9000e+01 -1.0000e+00 -5.0832e-02 2.8419e-01 2.0279e+01 6.3456e+00 5.1881e+02
6.9000e+01 -1.0000e+00 6.1178e-02 2.8813e-01 1.7831e+01 3.6187e+00 4.5085e+02
7.0000e+01 -1.0000e+00 -4.8942e-02 2.7946e-01 1.9257e+01 5.1802e+00 5.5657e+02
7.0000e+01 -1.0000e+00 -3.6790e-02 2.7660e-01 2.0816e+01 5.5970e+00 7.1511e+02
7.0000e+01 -1.0000e+00 -3.4703e-02 2.6267e-01 2.0773e+01 4.8109e+00 8.0747e+02
7.0000e+01 -1.0000e+00 -1.4826e-01 2.6658e-01 1.7177e+01 4.9071e+00 5.7450e+02
7.0000e+01 -1.0000e+00 2.0648e-02 2.7267e-01 1.9847e+01 3.3998e+00 3.8886e+02
7.0000e+01 -1.0000e+00 -4.9079e-02 2.4684e-01 1.9288e+01 4.6781e+00 5.9424e+02
7.1000e+01 -1.0000e+00 -9.3389e-02 2.6493e-01 1.7084e+01 3.3293e+00 3.6023e+02
7.1000e+01 -1.0000e+00 -1.0684e-01 2.2348e-01 1.9601e+01 5.1006e+00 9.0158e+02
7.1000e+01 -1.0000e+00 -1.0811e-01 2.5577e-01 1.8387e+01 5.2516e+00 4.8773e+02
7.1000e+01 -1.0000e+00 7.0642e-04 2.9814e-01 2.4495e+01 7.7279e+00 5.9461e+02
7.1000e+01 -1.0000e+00 4.3945e-02 2.6471e-01 2.5539e+01 6.7490e+00 4.1527e+02
7.1000e+01 -1.0000e+00 9.6857e-02 2.6193e-01 2.2480e+01 5.9541e+00 5.9199e+02
7.2000e+01 -1.0000e+00 -4.1138e-02 2.9597e-01 2.0254e+01 5.1695e+00 6.9439e+02
7.2000e+01 -1.0000e+00 2.4136e-02 2.0441e-01 2.5915e+01 7.6484e+00 5.6508e+02
7.2000e+01 -1.0000e+00 3.2738e-02 2.3819e-01 2.9563e+01 8.6017e+00 5.3686e+02
7.2000e+01 -1.0000e+00 1.0607e-01 2.7590e-01 1.9734e+01 4.9854e+00 8.8307e+02
7.2000e+01 -1.0000e+00 -3.5910e-02 2.8864e-01 2.3509e+01 6.8435e+00 4.7408e+02
7.2000e+01 -1.0000e+00 -1.0951e-01 2.9925e-01 2.4937e+01 7.8904e+00 4.2237e+02
7.3000e+01 -1.0000e+00 -1.5970e-01 2.3345e-01 1.6653e+01 3.7488e+00 2.3266e+02
7.3000e+01 -1.0000e+00 -3.7346e-02 2.8605e-01 2.4240e+01 7.1600e+00 5.8817e+02
7.3000e+01 -1.0000e+00 -1.5636e-01 2.4874e-01 1.6861e+01 3.3874e+00 2.6471e+02
7.3000e+01 -1.0000e+00 -4.6454e-02 2.7571e-01 3.1752e+01 7.7427e+00 5.8941e+02
7.3000e+01 -1.0000e+00 1.0311e-01 2.4879e-01 3.2182e+01 9.1039e+00 6.3481e+02
7.3000e+01 -1.0000e+00 -1.6295e-01 2.6514e-01 2.4014e+01 6.9383e+00 6.1774e+02
7.4000e+01 -1.0000e+00 -6.3441e-02 2.4630e-01 1.7407e+01 3.1449e+00 2.7671e+02
7.4000e+01 -1.0000e+00 -1.3127e-03 3.1998e-01 2.6071e+01 7.6234e+00 4.3863e+02
7.4000e+01 -1.0000e+00 3.9310e-02 2.4498e-01 3.2976e+01 9.4710e+00 5.1724e+02
7.4000e+01 -1.0000e+00 -1.6730e-01 2.7605e-01 1.8032e+01 3.8485e+00 4.7970e+02
7.4000e+01 -1.0000e+00 -1.4606e-01 2.4440e-01 1.6367e+01 3.2332e+00 4.5841e+02
7.4000e+01 -1.0000e+00 -9.8767e-02 2.7393e-01 2.7525e+01 7.5580e+00 5.2479e+02
7.5000e+01 -1.0000e+00 1.4055e-02 2.8632e-01 2.2306e+01 6.5625e+00 5.3584e+02
7.5000e+01 -1.0000e+00 1.0726e-01 2.1462e-01 1.7425e+01 3.1621e+00 2.3380e+02
7.5000e+01 -1.0000e+00 -1.7601e-01 2.6144e-01 2.1188e+01 6.3596e+00 8.2938e+02
7.5000e+01 -1.0000e+00 -1.1185e-01 2.7116e-01 1.9651e+01 5.1848e+00 7.5240e+02
7.5000e+01 -1.0000e+00 -1.6966e-02 2.5650e-01 1.9604e+01 3.9189e+00 5.7234e+02
7.5000e+01 -1.0000e+00 -1.0287e-01 2.6536e-01 2.4012e+01 7.8602e+00 4.6606e+02
7.6000e+01 -1.0000e+00 -3.2424e-02 2.7737e-01 2.4296e+01 7.3717e+00 5.7464e+02
7.6000e+01 -1.0000e+00 -9.9526e-02 2.7381e-01 2.0802e+01 4.9671e+00 5.7137e+02
7.6000e+01 -1.0000e+00 -3.7886e-02 2.4376e-01 2.8632e+01 8.5899e+00 7.2163e+02
7.6000e+01 -1.0000e+00 1.0831e-02 3.0376e-01 2.8635e+01 8.0659e+00 4.8439e+02
7.6000e+01 -1.0000e+00 -1.0545e-01 2.6541e-01 2.9305e+01 8.5406e+00 5.6241e+02
7.6000e+01 -1.0000e+00 -5.1382e-02 3.0582e-01 1.6564e+01 3.9749e+00 5.3727e+02
7.7000e+01 -1.0000e+00 -3.8009e-02 3.0397e-01 1.7456e+01 3.4611e+00 3.0158e+02
7.7000e+01 -1.0000e+00 -1.0965e-02 2.7405e-01 2.8389e+01 8.0175e+00 7.1035e+02
7.7000e+01 -1.0000e+00 -4.7056e-02 2.6980e-01 2.4110e+01 7.0238e+00 5.5547e+02
7.7000e+01 -1.0000e+00 -2.3544e-02 2.9583e-01 1.6697e+01 4.2453e+00 5.5616e+02
7.7000e+01 -1.0000e+00 -2.3995e-03 3.2768e-01 2.6501e+01 8.3427e+00 5.1245e+02
7.7000e+01 -1.0000e+00 -1.6169e-01 2.1178e-01 1.9258e+01 3.7470e+00 5.8415e+02
7.8000e+01 -1.0000e+00 1.7544e-02 2.6470e-01 1.8735e+01 5.5195e+00 6.2408e+02
7.8000e+01 -1.0000e+00 2.5421e-02 3.2207e-01 2.4692e+01 7.1398e+00 5.5947e+02
7.8000e+01 -1.0000e+00 -1.0148e-01 2.6179e-01 1.7733e+01 3.3101e+00 4.2129e+02
7.8000e+01 -1.0000e+00 6.9408e-02 2.4098e-01 1.7105e+01 3.4613e+00 4.2723e+02
7.8000e+01 -1.0000e+00 2.2424e-02 2.2521e-01 2.7694e+01 8.7484e+00 4.9025e+02
7.8000e+01 -1.0000e+00 -1.0849e-01 2.7733e-01 1.7021e+01 4.5409e+00 6.9887e+02
7.9000e+01 -1.0000e+00 -3.4003e-02 2.9517e-01 2.0212e+01 5.4351e+00 9.6242e+02
7.9000e+01 -1.0000e+00 -3.0992e-02 2.7815e-01 2.6898e+01 7.3056e+00 3.8459e+02
7.9000e+01 -1.0000e+00 -1.0055e-01 2.6550e-01 1.9868e+01 5.9134e+00 6.0413e+02
7.9000e+01 -1.0000e+00 2.0291e-02 2.7877e-01 2.0719e+01 6.1533e+00 5.9807e+02
7.9000e+01 -1.0000e+00 6.9568e-02 3.0757e-01 2.1912e+01 5.3615e+00 4.5450e+02
7.9000e+01 -1.0000e+00 3.3340e-04 3.1701e-01 2.1165e+01 6.6212e+00 6.5193e+02
8.0000e+01 -1.0000e+00 3.7445e-02 2.9539e-01 1.8087e+01 4.3367e+00 4.5906e+02
8.0000e+01 -1.0000e+00 -2.6102e-02 2.8052e-01 1.9755e+01 5.5156e+00 7.7320e+02
8.0000e+01 -1.0000e+00 -3.7034e-02 2.5195e-01 1.5394e+01 3.6625e+00 5.8080e+02
8.0000e+01 -1.0000e+00 -1.0629e-01 2.8310e-01 1.9313e+01 5.6696e+00 5.4266e+02
8.0000e+01 -1.0000e+00 -5.0494e-02 2.8112e-01 1.9589e+01 5.7725e+00 9.5133e+02
8.0000e+01 -1.0000e+00 -8.3103e-02 2.5131e-01 2.1734e+01 5.0513e+00 4.9036e+02
8.1000e+01 -1.0000e+00 5.3640e-02 2.8449e-01 2.5559e+01 8.8311e+00 6.2479e+02
8.1000e+01 -1.0000e+00 5.4018e-02 2.9249e-01 1.9855e+01 5.4401e+00 5.0716e+02
8.1000e+01 -1.0000e+00 -3.7419e-02 2.9855e-01 1.7923e+01 4.3821e+00 2.7320e+02
8.1000e+01 -1.0000e+00 3.5682e-02 2.5963e-01 2.9716e+01 8.1645e+00 4.8002e+02
8.1000e+01 -1.0000e+00 -5.4051e-02 2.8747e-01 2.9238e+01 8.4986e+00 7.8436e+02
8.1000e+01 -1.0000e+00 -1.1598e-01 2.6287e-01 2.2195e+01 6.6638e+00 3.5198e+02
8.2000e+01 -1.0000e+00 -5.1475e-02 2.8547e-01 2.0248e+01 5.9999e+00 1.0078e+03
8.2000e+01 -1.0000e+00 4.1017e-02 2.9298e-01 1.9566e+01 5.0111e+00 5.0824e+02
8.2000e+01 -1.0000e+00 -1.4548e-01 2.4791e-01 2.0074e+01 4.9905e+00 4.4922e+02
8.2000e+01 -1.0000e+00 -4.1236e-02 2.7667e-01 2.1383e+01 6.7391e+00 6.4327e+02
8.2000e+01 -1.0000e+00 -3.8171e-02 2.5170e-01 2.5358e+01 7.8695e+00 6.6075e+02
8.2000e+01 -1.0000e+00 1.0792e-02 2.9062e-01 2.1515e+01 6.2964e+00 7.5065e+02
8.3000e+01 -1.0000e+00 -5.4519e-02 3.1569e-01 1.6335e+01 4.0142e+00 5.1955e+02
8.3000e+01 -1.0000e+00 3.8201e-02 2.2159e-01 2.5150e+01 7.7945e+00 6.1521e+02
8.3000e+01 -1.0000e+00 -4.5869e-02 2.7669e-01 2.5170e+01 7.9071e+00 4.2674e+02
8.3000e+01 -1.0000e+00 3.8412e-02 2.6804e-01 1.7312e+01 3.5233e+00 2.2749e+02
