# Data directory: /Users/mmortonson/Documents/Computing/Code/MachineLearning/kaggle/seizure_prediction/data/Patient_2
# Columns:
#  hour
#  type
#  MM
#  SDM
#  MSD
#  SDSD
#  MaxD
#  PM1
#  PM2
#  PM3
#  PM4
#  PM5
#  PC11
#  PC12
#  PC13
#  PC14
#  PC15
#  PC22
#  PC23
#  PC24
#  PC25
#  PC33
#  PC34
#  PC35
#  PC44
#  PC45
#  PC55
0.0000e+00 0.0000e+00 1.1367e-01 2.4582e-01 1.0021e+02 4.3011e+01 7.2973e+02 4.4291e+13 1.8181e+13 2.7831e+13 9.8139e+11 2.0520e+09 3.0040e+24 -7.1334e+23 -1.8021e+25 -2.3468e+23 -2.4176e+20 1.1152e+26 2.5427e+26 8.1127e+24 1.4591e+22 7.9327e+26 2.1815e+25 3.2547e+22 7.6093e+23 1.4088e+21 4.1558e+18
0.0000e+00 0.0000e+00 -7.5272e-03 2.9188e-01 1.2445e+02 3.4309e+01 1.3882e+03 4.7323e+14 7.8519e+13 2.6946e+13 9.0905e+11 2.1156e+09 1.1724e+26 7.1802e+24 2.8746e+25 5.5066e+23 -3.7070e+21 1.0776e+26 2.2962e+26 7.3662e+24 1.4789e+22 7.8117e+26 1.8514e+25 2.6558e+22 6.0172e+23 1.2061e+21 4.2381e+18
0.0000e+00 0.0000e+00 7.5983e-02 2.9579e-01 1.1789e+02 3.5165e+01 1.4004e+03 4.2277e+14 4.1647e+13 2.6780e+13 8.4467e+11 2.0097e+09 1.1376e+26 -2.9505e+25 -3.9838e+25 -1.8345e+24 -7.5853e+21 9.9876e+25 2.0923e+26 5.9005e+24 1.2128e+22 7.6506e+26 1.6608e+25 2.5649e+22 4.9833e+23 1.0866e+21 4.0581e+18
0.0000e+00 0.0000e+00 5.1732e-02 2.8200e-01 9.9655e+01 3.0387e+01 6.9551e+02 4.1383e+13 1.5303e+13 2.0475e+13 6.8045e+11 2.0358e+09 3.4478e+24 3.6838e+24 6.3099e+24 -4.5818e+21 -2.5967e+20 6.8729e+25 1.5748e+26 3.9836e+24 1.0882e+22 4.1013e+26 9.6768e+24 2.4091e+22 3.4790e+23 1.0134e+21 4.5119e+18
0.0000e+00 0.0000e+00 -4.0350e-03 2.6093e-01 1.9102e+02 1.3131e+01 1.4155e+03 1.2501e+15 8.5753e+13 1.8566e+13 6.2883e+11 2.1968e+09 6.1898e+26 9.8690e+25 1.1360e+26 1.8263e+24 2.8874e+21 6.5051e+25 1.0637e+26 3.5809e+24 1.0399e+22 2.0629e+26 6.7458e+24 1.9293e+22 3.2009e+23 1.0432e+21 4.9131e+18
0.0000e+00 0.0000e+00 5.0749e-02 2.9204e-01 1.0958e+02 2.7844e+01 8.2692e+02 2.8584e+14 3.8227e+13 2.0162e+13 8.9960e+11 2.1640e+09 4.3466e+25 -1.6792e+25 -4.7116e+25 -9.5027e+23 -2.2855e+21 7.2520e+25 1.3678e+26 5.5593e+24 9.3223e+21 3.2584e+26 1.3344e+25 2.4819e+22 6.9690e+23 1.4488e+21 4.3192e+18
1.0000e+00 0.0000e+00 -1.0397e-01 2.7589e-01 1.3777e+02 2.8453e+01 1.1343e+03 2.7246e+14 1.1723e+14 2.6062e+13 8.5150e+11 2.3715e+09 3.4631e+25 -6.4349e+24 -1.0915e+25 -2.7982e+23 5.0863e+20 1.4107e+26 2.5471e+26 7.1817e+24 1.5840e+22 6.2732e+26 1.5052e+25 2.6322e+22 5.1620e+23 1.2934e+21 5.3808e+18
1.0000e+00 0.0000e+00 9.4214e-02 3.0686e-01 1.6304e+02 2.3480e+01 1.3660e+03 1.5044e+15 1.1141e+14 2.2885e+13 9.4357e+11 2.2319e+09 7.5750e+26 2.1384e+25 -3.7148e+25 -1.4315e+24 -1.2675e+22 1.8334e+26 2.5062e+26 1.0367e+25 1.7395e+22 4.9512e+26 1.7603e+25 2.8703e+22 7.6798e+23 1.5483e+21 4.6516e+18
1.0000e+00 0.0000e+00 6.0873e-02 2.8020e-01 1.0488e+02 4.1031e+01 8.4786e+02 2.4456e+13 1.6982e+13 2.7768e+13 1.0179e+12 2.0284e+09 1.2709e+24 4.5998e+24 3.3349e+24 2.7965e+23 4.4454e+20 1.2028e+26 2.6535e+26 8.8988e+24 1.5796e+22 7.7619e+26 2.2904e+25 3.3863e+22 8.2726e+23 1.4804e+21 4.1705e+18
1.0000e+00 0.0000e+00 1.0394e-02 2.9842e-01 1.2587e+02 3.3425e+01 1.3978e+03 5.0111e+14 7.8666e+13 2.6424e+13 8.9091e+11 2.1418e+09 1.1642e+26 4.3463e+24 1.0881e+25 1.5627e+23 -3.6433e+21 1.0705e+26 2.2858e+26 7.2190e+24 1.4529e+22 7.5709e+26 1.7829e+25 2.6136e+22 5.8972e+23 1.2245e+21 4.4419e+18
1.0000e+00 0.0000e+00 8.3329e-02 2.9700e-01 1.1860e+02 3.6294e+01 1.3843e+03 4.1855e+14 4.1577e+13 2.7706e+13 8.8823e+11 1.9861e+09 1.1427e+26 -3.3323e+25 -4.7494e+25 -2.0261e+24 -7.7216e+21 1.0977e+26 2.2678e+26 6.6397e+24 1.3052e+22 8.1160e+26 1.8512e+25 2.7346e+22 5.7013e+23 1.1515e+21 3.9769e+18
1.0000e+00 0.0000e+00 4.4922e-02 2.7013e-01 9.7779e+01 3.5727e+01 7.6609e+02 3.1969e+13 1.6331e+13 2.2968e+13 7.4584e+11 2.0586e+09 3.8031e+24 1.0156e+24 3.1247e+24 -6.6162e+22 -5.0099e+20 8.0614e+25 1.9721e+26 4.8202e+24 1.1687e+22 5.7789e+26 1.2491e+25 2.5013e+22 4.0274e+23 1.0525e+21 4.4882e+18
2.0000e+00 0.0000e+00 -1.2702e-02 2.5856e-01 1.1918e+02 3.8565e+01 8.2709e+02 4.3921e+13 2.1019e+13 2.9021e+13 7.1504e+11 1.9749e+09 4.2112e+24 4.8515e+24 2.4266e+25 2.7267e+23 2.8190e+20 1.9039e+26 3.8134e+26 8.5867e+24 2.3852e+22 1.0039e+27 1.7971e+25 4.7303e+22 4.1485e+23 1.1997e+21 5.3728e+18
2.0000e+00 0.0000e+00 5.9127e-02 3.1878e-01 9.6308e+01 4.4088e+01 7.5156e+02 2.0177e+13 3.0406e+13 2.5252e+13 7.8969e+11 2.1830e+09 4.0274e+24 1.6049e+25 1.5430e+25 5.5249e+23 1.2969e+21 3.7107e+26 4.8953e+26 1.3651e+25 3.1255e+22 8.0298e+26 1.7991e+25 4.0559e+22 5.4350e+23 1.3400e+21 5.7480e+18
2.0000e+00 0.0000e+00 -9.4669e-03 3.1138e-01 1.0353e+02 4.3619e+01 8.1676e+02 3.6173e+13 3.0407e+13 2.8102e+13 7.8992e+11 2.0076e+09 4.4595e+24 -5.1377e+24 -1.1175e+22 -1.9343e+23 -8.8080e+20 3.2029e+26 4.6092e+26 1.2578e+25 3.0699e+22 9.1654e+26 2.0405e+25 4.8551e+22 5.4009e+23 1.4055e+21 5.5554e+18
2.0000e+00 0.0000e+00 -7.2704e-02 2.8088e-01 1.7579e+02 2.8211e+01 9.8921e+02 1.2820e+14 2.5437e+13 2.8364e+13 8.3147e+11 2.1044e+09 2.7495e+25 3.3482e+25 3.4919e+25 1.3587e+24 7.0970e+21 2.4383e+26 3.9281e+26 1.1226e+25 2.8129e+22 9.6463e+26 2.1453e+25 5.0293e+22 5.8618e+23 1.4541e+21 5.6850e+18
2.0000e+00 0.0000e+00 -4.8237e-02 2.6228e-01 1.2576e+02 3.6292e+01 7.7021e+02 9.8918e+13 2.2525e+13 2.8140e+13 7.1637e+11 2.1410e+09 1.8006e+25 1.7214e+25 4.0585e+25 7.8888e+23 3.0910e+21 1.8964e+26 3.7306e+26 8.7436e+24 2.5511e+22 9.4156e+26 1.7416e+25 4.6548e+22 4.2281e+23 1.2749e+21 5.9398e+18
2.0000e+00 0.0000e+00 -7.5651e-02 3.4729e-01 1.1386e+02 4.1525e+01 1.3835e+03 1.3689e+14 2.9259e+13 2.9242e+13 8.2669e+11 2.1961e+09 6.6754e+25 3.8744e+25 4.5241e+25 -1.2024e+23 -1.4257e+21 2.3921e+26 4.4722e+26 1.0126e+25 2.4234e+22 1.0237e+27 2.1005e+25 5.0316e+22 5.5967e+23 1.4225e+21 5.8725e+18
3.0000e+00 0.0000e+00 -2.6651e-02 2.6221e-01 3.2854e+02 1.2733e+02 1.7285e+03 9.1696e+14 1.5763e+14 1.3630e+13 3.2196e+11 3.3260e+09 8.4237e+29 2.6739e+28 1.3761e+27 6.6324e+25 4.6566e+23 9.8884e+26 1.4851e+26 2.5293e+24 1.9033e+22 1.3546e+26 1.9629e+24 1.5993e+22 8.5229e+22 8.4298e+20 1.1357e+19
3.0000e+00 0.0000e+00 1.2166e-01 2.5955e-01 2.4450e+02 7.9931e+01 1.7041e+03 1.2752e+15 1.8232e+14 1.5671e+13 3.2512e+11 3.0760e+09 3.4164e+29 9.9529e+27 5.0937e+27 9.1913e+25 9.3755e+23 5.4047e+26 3.2584e+26 4.1578e+24 3.7703e+22 2.4133e+26 3.0104e+24 2.4624e+22 9.8690e+22 9.4029e+20 1.2115e+19
3.0000e+00 0.0000e+00 -4.5977e-02 3.0467e-01 4.4261e+02 8.7566e+01 1.7656e+03 2.7320e+15 3.6353e+14 2.1335e+13 3.9608e+11 4.0039e+09 1.0622e+30 2.2415e+28 5.5437e+26 5.7468e+25 7.3065e+23 8.2668e+26 3.4109e+26 4.1807e+24 3.5233e+22 3.4249e+26 4.1790e+24 3.1973e+22 1.2607e+23 1.1173e+21 1.3156e+19
3.0000e+00 0.0000e+00 -4.1753e-02 3.1286e-01 1.9151e+02 5.5603e+01 1.1617e+03 5.7368e+14 1.4198e+14 2.0498e+13 4.0561e+11 3.1519e+09 7.2802e+28 2.0358e+27 1.7903e+26 4.0723e+23 -9.2240e+22 4.2124e+26 3.8302e+26 4.7895e+24 2.7741e+22 4.7086e+26 5.3686e+24 3.5443e+22 1.5536e+23 1.2076e+21 1.2946e+19
3.0000e+00 0.0000e+00 -2.4903e-02 2.6081e-01 2.3370e+02 1.5120e+02 2.1561e+03 1.0555e+15 1.8384e+14 2.2710e+13 4.2873e+11 3.2637e+09 2.2773e+30 4.8290e+28 7.6474e+27 -3.6450e+25 -2.4117e+23 1.4884e+27 5.3645e+26 3.1994e+24 2.2565e+22 5.0699e+26 5.6167e+24 3.9946e+22 1.4446e+23 1.1701e+21 1.2756e+19
3.0000e+00 0.0000e+00 -6.3842e-02 3.1422e-01 1.4746e+02 3.9337e+01 1.0132e+03 6.1244e+14 1.3874e+14 2.1516e+13 4.0311e+11 3.0969e+09 3.1977e+28 3.8736e+26 -5.9152e+26 -5.1056e+24 5.3452e+22 3.2197e+26 3.7136e+26 3.2792e+24 2.3355e+22 5.0706e+26 5.5388e+24 3.6576e+22 1.4793e+23 1.1810e+21 1.3248e+19
4.0000e+00 0.0000e+00 6.2185e-04 3.4185e-01 1.4779e+02 2.7376e+01 9.2066e+02 1.2951e+14 3.1789e+13 2.2257e+13 6.5011e+11 2.5306e+09 1.3621e+25 -1.0003e+25 -1.8662e+25 -3.2432e+23 1.9442e+21 4.8901e+26 4.7295e+26 1.2737e+25 4.3065e+22 6.2424e+26 1.2891e+25 4.1026e+22 3.5767e+23 1.3091e+21 7.5841e+18
4.0000e+00 0.0000e+00 -1.0563e-01 2.8739e-01 3.8976e+02 1.5015e+01 1.4939e+03 6.9855e+14 4.5992e+13 2.5288e+13 7.5587e+11 2.4624e+09 6.9450e+26 6.1889e+25 2.2037e+26 1.9041e+24 2.0099e+21 2.5729e+26 3.1306e+26 9.8492e+24 2.5300e+22 7.5081e+26 1.6770e+25 4.2408e+22 4.8535e+23 1.3220e+21 5.5725e+18
4.0000e+00 0.0000e+00 -2.5660e-02 2.8154e-01 2.2282e+02 2.1581e+01 1.7324e+03 6.5778e+14 4.7528e+13 2.3155e+13 7.4465e+11 2.3953e+09 9.1858e+26 5.2236e+26 5.5490e+26 1.0937e+25 3.7422e+22 7.8106e+26 5.6683e+26 1.3624e+25 3.3650e+22 6.5010e+26 1.5399e+25 4.0451e+22 4.6013e+23 1.2937e+21 5.7849e+18
4.0000e+00 0.0000e+00 2.8305e-02 3.1885e-01 9.5173e+01 4.3119e+01 8.0246e+02 4.2044e+13 2.6202e+13 2.4989e+13 7.5348e+11 2.0229e+09 9.5398e+24 2.0755e+25 9.9139e+24 5.6342e+23 1.0283e+21 2.7893e+26 3.5324e+26 1.0439e+25 2.7528e+22 7.8894e+26 1.7396e+25 4.3654e+22 4.7402e+23 1.2762e+21 5.4254e+18
4.0000e+00 0.0000e+00 4.8621e-03 3.1388e-01 1.6260e+02 3.1661e+01 8.7054e+02 2.7661e+14 2.7466e+13 3.1168e+13 7.4371e+11 1.9946e+09 2.4303e+25 3.8232e+24 -1.2946e+25 4.8117e+23 2.8570e+21 1.9309e+26 4.1287e+26 9.0183e+24 2.5214e+22 1.1848e+27 2.1028e+25 5.3957e+22 4.6130e+23 1.2788e+21 5.2311e+18
4.0000e+00 0.0000e+00 3.4584e-02 2.9871e-01 9.5796e+01 4.7412e+01 7.5808e+02 1.3271e+13 1.8768e+13 2.9489e+13 7.1291e+11 1.9206e+09 1.3848e+24 2.9897e+24 1.0829e+25 1.1006e+23 -3.1851e+18 1.5211e+26 3.3879e+26 7.5628e+24 2.0773e+22 1.0756e+27 1.8763e+25 4.9535e+22 4.1254e+23 1.1872e+21 5.2548e+18
5.0000e+00 0.0000e+00 7.8262e-03 2.7221e-01 9.7329e+01 4.8817e+01 8.5913e+02 1.8652e+13 2.3588e+13 3.2498e+13 6.2417e+11 2.1232e+09 1.0084e+24 -6.9331e+23 -2.4603e+24 -5.8751e+22 3.5515e+20 2.8180e+26 5.4113e+26 8.1525e+24 2.7873e+22 1.1006e+27 1.4724e+25 4.6291e+22 2.8508e+23 1.0414e+21 5.7910e+18
5.0000e+00 0.0000e+00 7.0306e-02 2.3139e-01 1.0166e+02 4.5592e+01 8.5181e+02 1.4903e+13 2.3773e+13 3.1795e+13 5.9733e+11 2.1468e+09 3.3062e+24 -4.3263e+24 -1.5818e+25 -1.1701e+23 6.0279e+20 2.7933e+26 5.2501e+26 7.2177e+24 2.6677e+22 1.0542e+27 1.3600e+25 4.6607e+22 2.5829e+23 1.0345e+21 6.0168e+18
5.0000e+00 0.0000e+00 2.0492e-02 3.1162e-01 1.2546e+02 4.0076e+01 9.0768e+02 5.2966e+13 2.6685e+13 3.4198e+13 6.0883e+11 2.0880e+09 6.0585e+24 5.0858e+24 1.4703e+24 1.9087e+23 1.3785e+21 3.6766e+26 6.3696e+26 8.4400e+24 2.9629e+22 1.1589e+27 1.5170e+25 4.9200e+22 2.6846e+23 9.8536e+20 5.4479e+18
5.0000e+00 0.0000e+00 2.0251e-02 2.6112e-01 9.9029e+01 4.9561e+01 8.8422e+02 1.8281e+13 2.4782e+13 3.3986e+13 5.9620e+11 2.0746e+09 2.6544e+24 5.1848e+23 -4.8626e+24 -5.0230e+22 4.3356e+20 2.9725e+26 5.7759e+26 7.7781e+24 2.7145e+22 1.1682e+27 1.4860e+25 4.8467e+22 2.6013e+23 9.8490e+20 5.5105e+18
5.0000e+00 0.0000e+00 -1.8351e-02 3.2753e-01 1.2161e+02 4.0457e+01 8.4054e+02 2.9034e+13 2.4113e+13 3.3204e+13 6.3891e+11 2.0114e+09 2.8852e+24 1.9797e+23 -9.5301e+24 -1.2596e+22 6.4605e+20 2.4720e+26 4.8788e+26 8.5286e+24 2.6842e+22 1.1524e+27 1.6749e+25 4.9829e+22 3.2111e+23 1.0595e+21 5.0902e+18
5.0000e+00 0.0000e+00 3.5202e-02 3.1825e-01 9.7717e+01 4.9357e+01 7.8837e+02 1.9173e+13 2.5664e+13 3.3013e+13 5.7306e+11 2.0077e+09 2.5275e+24 -7.2762e+23 -6.9853e+24 5.5602e+22 1.0657e+21 3.4522e+26 6.1181e+26 8.2180e+24 2.9211e+22 1.1341e+27 1.3978e+25 4.6531e+22 2.3736e+23 9.2332e+20 5.0886e+18
6.0000e+00 0.0000e+00 -6.3600e-02 2.8236e-01 1.4977e+02 2.9912e+01 1.2999e+03 1.4229e+14 3.5455e+13 2.7616e+13 6.6740e+11 2.2041e+09 1.7378e+25 2.9692e+25 5.1144e+25 6.4063e+23 6.5462e+20 4.4388e+26 5.6832e+26 1.1983e+25 3.3626e+22 8.3762e+26 1.4774e+25 3.9445e+22 3.4204e+23 1.0442e+21 5.2793e+18
6.0000e+00 0.0000e+00 -8.0391e-02 2.2813e-01 1.0004e+02 4.0107e+01 7.1210e+02 5.1741e+13 2.8251e+13 2.3816e+13 7.2850e+11 2.2348e+09 5.1258e+24 -7.0653e+24 -1.7179e+25 -3.4342e+23 -1.1093e+21 3.9024e+26 4.3582e+26 1.2557e+25 3.4217e+22 7.1282e+26 1.4723e+25 3.4566e+22 4.3659e+23 1.1812e+21 5.6248e+18
6.0000e+00 0.0000e+00 1.0798e-03 2.9869e-01 1.3025e+02 3.3592e+01 8.6808e+02 1.5017e+14 3.3471e+13 2.5830e+13 7.2819e+11 2.2623e+09 1.7461e+25 3.1517e+24 -8.0166e+24 -9.6951e+22 -2.2119e+21 4.0993e+26 5.2062e+26 1.2659e+25 3.3069e+22 7.9221e+26 1.5896e+25 3.7278e+22 4.2468e+23 1.1605e+21 5.4535e+18
6.0000e+00 0.0000e+00 -1.5345e-02 2.9610e-01 1.5997e+02 3.0170e+01 1.0021e+03 1.8458e+14 3.5488e+13 2.8290e+13 7.8874e+11 2.1689e+09 2.3914e+25 -4.6358e+24 2.4048e+24 1.1869e+23 1.8464e+21 3.8590e+26 4.6939e+26 1.3276e+25 2.9430e+22 9.2514e+26 1.8702e+25 3.9317e+22 4.9906e+23 1.2028e+21 4.8739e+18
6.0000e+00 0.0000e+00 2.5367e-02 2.6244e-01 1.0642e+02 4.4918e+01 7.7324e+02 3.0007e+13 2.5849e+13 3.0263e+13 8.3978e+11 2.0179e+09 2.2978e+24 -4.8852e+24 -9.8945e+24 -3.7723e+23 -1.2260e+21 2.2964e+26 4.1464e+26 1.0886e+25 2.3832e+22 1.0935e+27 2.1004e+25 4.3000e+22 5.7008e+23 1.2843e+21 4.8302e+18
6.0000e+00 0.0000e+00 -8.2470e-02 3.0253e-01 4.5024e+02 1.8480e+01 2.3665e+03 1.2876e+15 6.1068e+13 2.8555e+13 7.7733e+11 2.6149e+09 4.0507e+27 7.2971e+26 1.2746e+27 2.4795e+25 1.0351e+23 3.4084e+26 4.9056e+26 1.1232e+25 2.6585e+22 9.3649e+26 1.7172e+25 4.1796e+22 4.4921e+23 1.2032e+21 5.2231e+18
0.0000e+00 1.0000e+00 7.0435e-03 2.4913e-01 3.4039e+02 1.4926e+01 1.2420e+03 1.2360e+15 1.1080e+14 3.5962e+13 5.3044e+11 3.1689e+09 1.5835e+26 -9.4690e+24 2.8536e+24 -1.1615e+24 -6.5526e+21 6.0909e+26 7.7192e+26 9.4065e+24 5.5449e+22 1.0186e+27 1.1356e+25 6.6180e+22 2.0885e+23 1.3008e+21 1.0136e+19
0.0000e+00 1.0000e+00 -4.6599e-02 2.8734e-01 2.5542e+02 2.0161e+01 1.2025e+03 9.0110e+14 1.0209e+14 3.3723e+13 5.2333e+11 2.9438e+09 9.6749e+25 7.4123e+25 9.2013e+25 -3.4980e+23 -3.6283e+21 6.7126e+26 8.0299e+26 8.7852e+24 4.8902e+22 1.0071e+27 1.1239e+25 6.2213e+22 2.2037e+23 1.3370e+21 1.0573e+19
0.0000e+00 1.0000e+00 2.4025e-02 2.8621e-01 3.0477e+02 1.5914e+01 2.8482e+03 2.3343e+15 4.0757e+14 4.3211e+13 5.0781e+11 2.6570e+09 1.7070e+27 2.5652e+26 1.4025e+26 -3.1406e+24 -2.6449e+22 9.1977e+26 8.7500e+26 1.0111e+25 5.6410e+22 8.8714e+26 1.0155e+25 5.9707e+22 1.9884e+23 1.2510e+21 9.8919e+18
0.0000e+00 1.0000e+00 1.4425e-02 3.0117e-01 1.7879e+02 2.7573e+01 3.4992e+03 4.7612e+14 2.5620e+14 3.8706e+13 5.1408e+11 2.6631e+09 8.7828e+25 4.5915e+25 2.9317e+25 -6.8070e+23 -5.6454e+21 5.7933e+26 7.3653e+26 8.5450e+24 4.5772e+22 1.0100e+27 1.1176e+25 6.2691e+22 2.1414e+23 1.2740e+21 9.8946e+18
0.0000e+00 1.0000e+00 -6.5502e-02 2.8779e-01 1.0245e+03 7.0912e+00 2.1827e+04 3.0172e+16 1.0675e+16 3.2915e+14 1.5252e+12 4.7919e+09 3.0595e+29 7.5203e+28 -5.0348e+25 -8.1757e+25 -5.3448e+23 1.9705e+28 6.7992e+26 -6.5219e+24 -5.3314e+22 1.0299e+27 1.1531e+25 6.6904e+22 2.2700e+23 1.3198e+21 9.9614e+18
0.0000e+00 1.0000e+00 3.3010e-02 3.1280e-01 4.9336e+02 1.2243e+01 6.3297e+03 3.9142e+15 3.3153e+15 1.4201e+14 6.6155e+11 2.6468e+09 5.7909e+27 2.9958e+27 -4.5774e+25 -1.2095e+25 -9.1274e+22 4.2157e+27 1.4073e+27 9.4222e+24 4.0730e+22 1.1995e+27 1.3549e+25 6.5816e+22 2.5563e+23 1.3508e+21 9.4441e+18
1.0000e+00 1.0000e+00 -1.1009e-02 2.6755e-01 1.6910e+02 2.9331e+01 1.7024e+03 1.1372e+14 3.2591e+13 2.7954e+13 8.2087e+11 2.3163e+09 5.5217e+25 6.8087e+25 1.2525e+26 2.1334e+24 7.7436e+21 2.4123e+26 4.3581e+26 9.7995e+24 1.9432e+22 9.8073e+26 1.8735e+25 3.4715e+22 5.5722e+23 1.2571e+21 5.1752e+18
1.0000e+00 1.0000e+00 2.5329e-02 3.1915e-01 1.2625e+02 3.5282e+01 8.3975e+02 1.6074e+14 4.2984e+13 2.6360e+13 9.0884e+11 2.3836e+09 4.1507e+25 -2.0788e+25 -1.2565e+25 -1.1384e+24 -5.2932e+20 2.0275e+26 3.0002e+26 1.1523e+25 2.2024e+22 8.6114e+26 1.9731e+25 3.3768e+22 7.0992e+23 1.4352e+21 5.5342e+18
1.0000e+00 1.0000e+00 -1.4237e-02 2.9617e-01 1.5589e+02 3.0977e+01 8.1395e+02 1.3936e+14 3.5463e+13 2.8715e+13 8.6592e+11 2.1647e+09 2.8125e+25 -8.3377e+24 1.4726e+25 -4.7037e+23 -7.5308e+20 2.0174e+26 3.6923e+26 1.0611e+25 2.2843e+22 9.9818e+26 2.0563e+25 3.8558e+22 6.0753e+23 1.3421e+21 5.2370e+18
1.0000e+00 1.0000e+00 -1.1065e-01 2.4356e-01 9.9391e+01 4.2109e+01 7.6439e+02 9.1653e+13 2.6366e+13 2.5227e+13 7.7292e+11 2.2763e+09 7.1496e+24 -1.2884e+25 -1.4667e+25 -4.3094e+23 -8.9735e+20 2.3298e+26 3.7074e+26 9.9964e+24 2.4496e+22 8.4649e+26 1.5836e+25 3.3560e+22 4.7180e+23 1.2163e+21 5.6512e+18
1.0000e+00 1.0000e+00 -1.4867e-02 3.1190e-01 1.8444e+02 6.9700e+01 1.3284e+05 1.3569e+14 3.1749e+13 3.6628e+13 6.7833e+12 7.5325e+11 2.8868e+25 1.1316e+25 -4.8181e+25 -5.0559e+23 1.0382e+24 3.7159e+26 5.6671e+26 8.4673e+25 9.9635e+24 1.1985e+27 1.7571e+26 1.4663e+25 5.5625e+25 6.6954e+24 1.0219e+24
1.0000e+00 1.0000e+00 6.7511e-02 2.8682e-01 1.1341e+02 3.2181e+01 9.6975e+02 3.0296e+14 3.3531e+13 2.1406e+13 6.2577e+11 1.9590e+09 1.2949e+26 -3.4122e+25 -4.1459e+25 -6.1691e+23 4.9094e+21 2.7383e+26 3.7614e+26 9.4976e+24 2.2538e+22 5.7115e+26 1.3100e+25 3.1330e+22 3.6350e+23 9.2805e+20 4.0001e+18
2.0000e+00 1.0000e+00 5.8176e-02 2.8941e-01 2.5245e+02 1.4712e+01 1.6669e+03 3.7235e+15 2.0308e+14 2.2389e+13 9.0001e+11 2.7133e+09 6.0742e+27 2.7513e+26 6.2258e+26 1.3548e+25 -1.0501e+22 1.6232e+26 1.6867e+26 6.7434e+24 1.2563e+22 4.3874e+26 1.5112e+25 2.2277e+22 6.5294e+23 1.4594e+21 6.2968e+18
2.0000e+00 1.0000e+00 -8.5345e-02 2.9339e-01 2.0979e+02 1.8757e+01 1.3676e+03 2.2232e+15 2.4603e+14 2.7163e+13 1.0124e+12 2.5665e+09 2.0879e+27 5.4535e+25 -2.1687e+26 -1.5057e+25 -5.8187e+22 2.0964e+26 1.0343e+26 4.6358e+24 6.5893e+21 5.7164e+26 1.9137e+25 2.5274e+22 8.2688e+23 1.6248e+21 6.0364e+18
2.0000e+00 1.0000e+00 -2.8892e-02 2.6315e-01 1.0667e+02 3.7895e+01 7.9815e+02 1.4222e+14 3.1017e+13 2.4690e+13 9.9099e+11 2.1884e+09 1.2541e+25 1.2741e+25 4.4087e+25 1.2391e+24 9.4192e+20 1.1688e+26 2.1646e+26 7.7725e+24 1.4876e+22 6.6898e+26 1.9535e+25 2.0992e+22 7.6834e+23 1.3106e+21 4.6539e+18
2.0000e+00 1.0000e+00 -2.0382e-02 2.6333e-01 1.5826e+02 2.4499e+01 9.4257e+02 5.4846e+14 4.1121e+13 1.9799e+13 8.7633e+11 2.7497e+09 2.1585e+26 8.8683e+25 1.8865e+26 6.2186e+24 1.5714e+22 1.7185e+26 2.0384e+26 8.2304e+24 1.9957e+22 4.5665e+26 1.4607e+25 1.9452e+22 6.0394e+23 1.3713e+21 6.7692e+18
2.0000e+00 1.0000e+00 -4.0842e-02 2.8566e-01 1.9293e+02 1.9776e+01 1.0666e+03 1.0106e+15 9.6089e+13 2.1475e+13 9.5205e+11 2.8595e+09 4.5505e+26 2.5630e+25 1.1116e+26 2.7638e+24 -9.0437e+20 2.6694e+26 2.9291e+26 1.1815e+25 2.7943e+22 5.2300e+26 1.7433e+25 2.3272e+22 7.3217e+23 1.5556e+21 7.4541e+18
2.0000e+00 1.0000e+00 5.3454e-02 2.3780e-01 1.8095e+02 2.4514e+01 1.1468e+03 2.9169e+14 3.4520e+13 2.3176e+13 9.3474e+11 2.7393e+09 1.8611e+26 1.2338e+26 2.0902e+26 6.1325e+24 1.7929e+22 1.6402e+26 2.5960e+26 9.0868e+24 2.1848e+22 6.0370e+26 1.8144e+25 2.7119e+22 6.7917e+23 1.5365e+21 6.9417e+18
0.0000e+00 -1.0000e+00 -3.1788e-02 2.8925e-01 2.4152e+03 3.4890e+02 4.3089e+04 2.8887e+17 6.2218e+16 4.1786e+14 1.4727e+12 1.0286e+10 1.9340e+33 1.1685e+33 1.0930e+31 2.5010e+28 1.9278e+25 7.7851e+32 7.7617e+30 2.2542e+28 4.4911e+25 8.1899e+28 2.6556e+26 5.4132e+23 1.2433e+24 4.8270e+21 4.1061e+19
0.0000e+00 -1.0000e+00 2.8622e-02 2.7075e-01 9.8172e+01 4.1548e+01 7.5609e+02 1.6221e+13 1.5596e+13 2.4080e+13 1.0927e+12 2.6389e+09 1.4844e+24 5.1776e+24 1.5190e+25 7.2598e+23 1.6085e+21 9.2914e+25 2.0729e+26 8.4576e+24 1.6404e+22 6.7206e+26 2.3252e+25 3.0908e+22 1.0312e+24 1.9479e+21 7.1146e+18
0.0000e+00 -1.0000e+00 -2.4764e-02 2.3524e-01 3.3464e+02 6.9758e+00 1.1953e+03 1.4212e+15 7.9572e+13 1.0398e+13 3.6437e+11 9.1708e+09 5.0089e+27 2.6830e+26 3.6697e+25 3.5195e+24 2.3580e+23 5.1532e+25 4.0271e+25 7.8351e+23 1.4416e+22 7.4138e+25 1.8983e+24 1.0483e+22 8.7406e+22 9.2278e+20 2.6712e+19
0.0000e+00 -1.0000e+00 3.3455e-02 2.4012e-01 9.7319e+01 2.1467e+01 6.3277e+02 3.6827e+13 1.0748e+13 1.1199e+13 6.1269e+11 3.3191e+09 1.1445e+24 -1.2818e+24 -5.0040e+24 -2.3365e+23 -1.4054e+21 7.8668e+25 9.2370e+25 3.0028e+24 1.2794e+22 1.5225e+26 4.8859e+24 2.0472e+22 3.4269e+23 1.6371e+21 9.9923e+18
0.0000e+00 -1.0000e+00 -4.6168e-02 2.8981e-01 1.8610e+03 1.7675e+01 5.0938e+03 2.9783e+16 1.2833e+15 3.9200e+13 9.5251e+11 1.9322e+10 5.1019e+29 1.7643e+29 3.5847e+27 7.4275e+25 2.5174e+24 1.0025e+29 3.8238e+27 9.6669e+25 1.6768e+24 3.7077e+26 9.3185e+24 8.0909e+22 2.8779e+23 2.3795e+21 3.8212e+19
0.0000e+00 -1.0000e+00 -3.6766e-02 2.6797e-01 1.1431e+02 2.5969e+01 1.0484e+03 4.2731e+14 4.4908e+13 2.1029e+13 4.8817e+11 1.9854e+09 1.5463e+26 -4.9395e+25 -6.4474e+25 -1.1559e+23 -4.7995e+21 1.6419e+26 2.2947e+26 2.8449e+24 1.2080e+22 3.8977e+26 4.5526e+24 1.5708e+22 1.0330e+23 4.7613e+20 3.9069e+18
1.0000e+00 -1.0000e+00 -3.4528e-02 3.1210e-01 2.2534e+02 1.2610e+01 1.1956e+03 6.2382e+14 5.7813e+13 1.3283e+13 5.2958e+11 1.3407e+10 2.1896e+27 5.3875e+26 1.3203e+26 9.4915e+24 2.3250e+23 4.7115e+26 2.7343e+26 1.0252e+25 1.0227e+23 2.1495e+26 6.9256e+24 4.2893e+22 2.7978e+23 2.4797e+21 5.2922e+19
1.0000e+00 -1.0000e+00 -1.1382e-02 2.6230e-01 9.1405e+01 3.6322e+01 7.2825e+02 5.2316e+13 1.9352e+13 2.0316e+13 8.9412e+11 2.8207e+09 8.7732e+24 4.0322e+23 -6.8338e+24 -1.3807e+23 -1.4756e+21 8.1772e+25 1.4611e+26 6.1436e+24 1.6489e+22 4.4279e+26 1.3275e+25 2.5086e+22 6.5399e+23 1.7573e+21 7.4802e+18
1.0000e+00 -1.0000e+00 6.2038e-02 2.6349e-01 1.4005e+02 1.9119e+01 2.0760e+03 2.4227e+14 3.8070e+13 1.4753e+13 5.8397e+11 3.3683e+09 2.2565e+26 1.1535e+25 -1.1168e+26 -7.6818e+23 -2.5987e+21 1.2702e+26 6.5330e+25 3.5397e+24 1.8719e+22 2.6832e+26 4.2707e+24 1.8414e+22 2.1279e+23 9.5648e+20 6.3726e+18
1.0000e+00 -1.0000e+00 -7.8505e-02 2.9031e-01 7.1592e+01 2.3698e+01 5.6023e+02 8.1512e+12 1.0545e+13 1.4008e+13 4.0827e+11 8.6089e+09 5.2640e+23 2.1179e+24 3.5137e+24 8.4075e+22 2.4859e+21 4.4222e+25 6.5773e+25 1.4786e+24 8.1886e+21 1.0382e+26 2.3576e+24 1.1549e+22 7.7301e+22 7.8858e+20 3.1861e+19
1.0000e+00 -1.0000e+00 -1.2468e-01 2.8651e-01 1.3824e+02 1.0746e+01 6.2790e+02 9.0401e+13 2.5657e+13 9.6301e+12 4.1367e+11 2.4195e+09 2.3246e+25 5.0699e+24 3.1811e+24 2.6824e+23 2.8176e+21 3.6747e+25 4.8238e+25 1.2124e+24 8.1191e+21 7.9364e+25 1.6385e+24 1.1002e+22 7.5335e+22 2.9099e+20 3.0528e+18
1.0000e+00 -1.0000e+00 3.7999e-02 2.6476e-01 1.3241e+02 1.6443e+01 8.3094e+02 7.1643e+14 7.5730e+13 1.2669e+13 5.4461e+11 2.5170e+09 1.3581e+26 2.5780e+25 -1.7268e+25 -1.1577e+24 -6.5363e+21 8.9189e+25 8.6637e+25 2.3467e+24 9.2979e+21 1.5870e+26 4.8897e+24 1.9033e+22 2.3135e+23 9.8663e+20 6.3133e+18
2.0000e+00 -1.0000e+00 7.6812e-02 3.1016e-01 1.5336e+02 2.3744e+01 1.4601e+03 1.9075e+14 2.7912e+13 2.2500e+13 7.5169e+11 2.3560e+09 1.1786e+26 3.1102e+25 8.1446e+25 1.0479e+23 1.9865e+20 1.2110e+26 1.8548e+26 4.5315e+24 9.5137e+21 5.8637e+26 1.0392e+25 1.8282e+22 3.3603e+23 7.8252e+20 2.8851e+18
2.0000e+00 -1.0000e+00 5.4182e-02 2.0825e-01 7.9832e+01 1.8079e+01 5.2317e+02 1.9749e+13 9.6351e+12 1.0660e+13 4.1627e+11 8.5661e+09 1.4027e+24 -3.9673e+24 -5.1718e+24 -2.0176e+23 -8.4963e+20 4.0643e+25 5.0629e+25 1.2849e+24 1.1125e+22 7.7080e+25 1.9266e+24 1.0743e+22 8.4966e+22 9.6254e+20 3.0760e+19
2.0000e+00 -1.0000e+00 3.9286e-02 2.6729e-01 1.4402e+02 1.8424e+01 6.8625e+02 3.8781e+14 4.0387e+13 1.5540e+13 5.6474e+11 2.7292e+09 1.8942e+26 9.6685e+25 -2.7789e+25 1.8999e+24 1.0463e+22 1.2910e+26 5.3653e+25 3.1821e+24 1.6469e+22 3.3808e+26 4.6579e+24 1.2562e+22 2.2108e+23 8.5838e+20 5.3956e+18
2.0000e+00 -1.0000e+00 2.6921e-02 2.6421e-01 1.3659e+02 1.7614e+01 1.3275e+03 2.5792e+14 5.0749e+13 1.3969e+13 6.1784e+11 3.3632e+09 1.5544e+26 1.1533e+25 -3.2268e+25 -2.6226e+24 -1.0539e+22 9.8960e+25 1.1074e+26 2.5123e+24 7.4447e+21 1.8526e+26 4.7072e+24 1.6444e+22 2.5410e+23 9.6017e+20 5.1808e+18
2.0000e+00 -1.0000e+00 -9.7785e-02 2.9616e-01 1.3667e+02 1.8184e+01 1.0006e+03 1.5942e+14 5.7300e+13 1.4096e+13 6.9326e+11 4.8975e+09 7.7784e+25 1.1877e+26 2.7700e+25 -1.9041e+22 -9.0024e+20 3.3867e+26 1.6620e+26 5.9791e+24 2.1617e+22 1.9074e+26 5.9727e+24 2.1022e+22 4.2537e+23 1.7858e+21 1.0407e+19
2.0000e+00 -1.0000e+00 5.3355e-02 2.9834e-01 8.4655e+01 2.2807e+01 6.4412e+02 1.3911e+14 1.7124e+13 1.2135e+13 6.0256e+11 3.0268e+09 3.7728e+25 -1.2900e+25 -2.3285e+25 -1.5615e+24 -6.7412e+21 4.9886e+25 7.4939e+25 1.5899e+24 8.3673e+21 1.4362e+26 3.3136e+24 1.5950e+22 1.8147e+23 8.7283e+20 5.6595e+18
3.0000e+00 -1.0000e+00 -1.0374e-01 2.5552e-01 9.5257e+01 2.6950e+01 6.5527e+02 4.9245e+13 2.0535e+13 2.3221e+13 5.1530e+11 1.6685e+09 2.0928e+25 1.4089e+25 1.0611e+25 4.0702e+23 1.8606e+21 1.5635e+26 1.8157e+26 3.2806e+24 1.2173e+22 2.3246e+26 4.0313e+24 1.4102e+22 1.1213e+23 4.3244e+20 2.3125e+18
3.0000e+00 -1.0000e+00 3.6054e-02 3.0516e-01 1.0718e+02 4.0814e+01 7.9550e+02 1.1801e+13 1.5211e+13 2.5694e+13 1.0939e+12 2.5289e+09 9.6026e+23 4.3074e+23 -1.7099e+24 -2.0657e+22 7.3605e+19 1.0163e+26 2.0995e+26 8.4306e+24 1.7351e+22 8.1571e+26 2.3831e+25 2.6834e+22 9.4438e+23 1.7112e+21 6.3164e+18
3.0000e+00 -1.0000e+00 -1.5646e-02 3.2339e-01 9.1660e+01 2.8699e+01 8.8774e+02 1.2023e+14 2.4438e+13 1.5518e+13 7.5832e+11 4.2984e+09 4.4876e+25 1.3498e+25 -2.7903e+25 -1.7235e+24 -6.8367e+21 1.0887e+26 1.2506e+26 3.5733e+24 1.2600e+22 2.8369e+26 8.6627e+24 2.7557e+22 5.8657e+23 1.7266e+21 7.3370e+18
3.0000e+00 -1.0000e+00 -3.7745e-02 2.5661e-01 4.5140e+02 6.9112e+00 1.3453e+03 1.9139e+15 6.3883e+13 1.5910e+13 5.6737e+11 1.1471e+10 1.6132e+27 1.2397e+26 6.6899e+25 5.7770e+24 1.7340e+23 2.8745e+26 2.7789e+26 7.6551e+24 5.7414e+22 2.9341e+26 7.7598e+24 5.0362e+22 2.7611e+23 2.5402e+21 4.5738e+19
3.0000e+00 -1.0000e+00 -4.5185e-02 2.6839e-01 1.9196e+02 1.1577e+01 9.6133e+02 6.2067e+14 7.7111e+13 1.3076e+13 4.9218e+11 2.6631e+09 1.5174e+26 -5.5574e+25 -5.3660e+25 -1.4943e+24 -8.2402e+21 1.5138e+26 1.5960e+26 2.5741e+24 1.0110e+22 1.9379e+26 3.2908e+24 1.3808e+22 1.4119e+23 8.2545e+20 6.6716e+18
3.0000e+00 -1.0000e+00 -5.3953e-02 2.9761e-01 2.0403e+02 1.1390e+01 9.1825e+02 3.5194e+14 3.7238e+13 1.3377e+13 4.9805e+11 3.4363e+09 1.3558e+26 5.6327e+25 2.7501e+25 -6.2187e+23 -2.9614e+21 1.1078e+26 8.7732e+25 1.9518e+24 7.9599e+21 1.5364e+26 3.7906e+24 1.8902e+22 1.7858e+23 9.8937e+20 7.3779e+18
4.0000e+00 -1.0000e+00 -5.5834e-02 2.9494e-01 7.0380e+02 7.9504e+00 2.5069e+03 4.9952e+15 2.2391e+14 1.9483e+13 6.9993e+11 1.2722e+10 5.9119e+28 2.1293e+27 7.2050e+26 5.1309e+25 8.0082e+23 4.6272e+26 2.4062e+26 6.4865e+24 3.3082e+22 2.5124e+26 8.0167e+24 3.1891e+22 3.8612e+23 2.3841e+21 3.2985e+19
4.0000e+00 -1.0000e+00 -1.2775e-01 2.6243e-01 2.1051e+02 1.5658e+01 2.0221e+03 1.3916e+15 1.6442e+14 1.6909e+13 5.2059e+11 5.2523e+09 1.6417e+28 7.1717e+27 3.8680e+26 2.1318e+25 2.1244e+23 4.0029e+27 3.5685e+26 1.5920e+25 1.4582e+23 1.7883e+26 4.6967e+24 2.4215e+22 1.9107e+23 1.1584e+21 1.0541e+19
4.0000e+00 -1.0000e+00 -1.0553e-02 2.9992e-01 1.2457e+02 1.5782e+01 1.0113e+03 1.2899e+14 4.0284e+13 1.2712e+13 4.6329e+11 3.1285e+09 1.1510e+26 2.6110e+25 -2.0762e+25 -8.2816e+23 -6.7944e+21 9.2248e+25 9.3990e+25 1.9546e+24 6.9307e+21 1.4615e+26 3.5013e+24 1.7645e+22 1.5681e+23 8.8238e+20 6.8511e+18
4.0000e+00 -1.0000e+00 1.1043e-01 2.1373e-01 9.7290e+01 3.0318e+01 6.8968e+02 3.7365e+13 1.2040e+13 1.8228e+13 6.2728e+11 1.8299e+09 2.6796e+24 3.8392e+24 4.4211e+24 2.3979e+23 1.1685e+21 6.8305e+25 1.5437e+26 3.0250e+24 7.2106e+21 4.2471e+26 7.0012e+24 1.4307e+22 2.1831e+23 5.7895e+20 2.3347e+18
4.0000e+00 -1.0000e+00 -4.7531e-02 2.5214e-01 5.0709e+02 1.5884e+01 1.8396e+03 2.7715e+15 2.0041e+14 1.7440e+13 5.2328e+11 6.1073e+09 1.5826e+28 5.0851e+27 5.8173e+26 2.7168e+25 2.8378e+23 2.9832e+27 3.7878e+26 1.7032e+25 1.4843e+23 2.2289e+26 6.1953e+24 3.2675e+22 2.5336e+23 1.5555e+21 1.3546e+19
4.0000e+00 -1.0000e+00 4.0235e-02 2.9996e-01 7.0312e+01 2.2896e+01 6.7886e+02 4.7347e+13 1.4442e+13 1.0253e+13 4.7445e+11 2.7348e+09 5.2644e+24 2.0526e+24 9.6139e+23 1.1655e+23 3.4077e+20 3.9403e+25 5.5824e+25 1.1433e+24 7.3093e+21 1.0508e+26 2.1745e+24 1.2947e+22 1.0529e+23 6.3535e+20 4.8585e+18
5.0000e+00 -1.0000e+00 -4.5163e-02 2.5840e-01 4.2035e+02 5.5831e+00 1.3127e+03 1.2092e+15 5.5918e+13 9.9726e+12 3.7285e+11 9.0366e+09 4.5811e+27 3.3548e+26 5.3812e+25 4.6080e+24 2.5842e+23 6.3398e+25 4.8999e+25 1.5652e+24 2.8769e+22 7.8502e+25 2.0499e+24 1.2333e+22 9.2909e+22 9.9102e+20 2.8218e+19
5.0000e+00 -1.0000e+00 -2.5328e-02 3.0488e-01 9.1148e+01 1.6740e+01 1.0234e+03 1.9023e+14 3.3160e+13 9.3282e+12 4.1752e+11 2.6624e+09 5.6400e+25 1.1731e+25 -1.2616e+24 5.3844e+22 -2.5262e+21 3.6617e+25 3.9595e+25 1.3062e+24 7.3572e+21 8.8107e+25 1.9966e+24 1.2359e+22 1.1503e+23 6.4622e+20 5.0525e+18
5.0000e+00 -1.0000e+00 -5.2285e-02 3.0372e-01 1.5674e+02 1.1474e+01 6.7310e+02 1.6115e+14 2.0620e+13 1.5709e+13 3.7559e+11 9.1735e+09 8.4298e+24 1.1935e+24 -7.0830e+23 2.1350e+22 7.5061e+21 8.6808e+25 9.3535e+25 1.8467e+24 1.1649e+22 1.0954e+26 2.3067e+24 1.2300e+22 6.4930e+22 6.8970e+20 3.3984e+19
5.0000e+00 -1.0000e+00 -1.7940e-02 2.5739e-01 2.3254e+02 2.0614e+01 1.1528e+03 4.1992e+14 3.5203e+13 2.4200e+13 9.0522e+11 3.2184e+09 2.4625e+26 1.1082e+26 1.9794e+26 2.8807e+24 9.7397e+21 1.9227e+26 3.2279e+26 7.8955e+24 1.8927e+22 6.8142e+26 1.5230e+25 3.2180e+22 5.8823e+23 1.6621e+21 7.0305e+18
5.0000e+00 -1.0000e+00 1.5161e-02 2.9960e-01 1.5004e+02 2.4581e+01 8.2048e+02 3.5785e+14 3.5220e+13 2.1601e+13 1.0533e+12 3.6553e+09 3.7382e+25 -3.5534e+24 2.5665e+25 1.7450e+23 -5.2475e+20 1.2914e+26 1.4095e+26 7.5256e+24 1.9019e+22 4.5851e+26 1.8108e+25 3.6244e+22 9.8720e+23 2.4603e+21 9.6243e+18
5.0000e+00 -1.0000e+00 7.6923e-02 2.7094e-01 1.0129e+02 1.3352e+01 5.6918e+02 1.0375e+14 1.3367e+13 9.2391e+12 3.7344e+11 8.6002e+09 9.1512e+24 -7.0125e+23 -4.4921e+24 -1.4167e+22 6.3215e+21 3.6931e+25 4.2722e+25 1.0170e+24 8.6837e+21 6.4745e+25 1.5681e+24 9.7509e+21 6.7073e+22 8.4255e+20 2.8881e+19
6.0000e+00 -1.0000e+00 -1.7444e-03 3.0787e-01 8.3292e+01 4.2581e+01 7.3781e+02 1.9536e+13 1.2770e+13 2.1539e+13 9.3983e+11 2.6253e+09 1.0701e+24 3.3989e+24 4.1243e+24 3.3849e+23 1.0936e+21 9.2951e+25 1.9572e+26 5.5852e+24 1.3493e+22 5.8391e+26 1.4430e+25 2.1332e+22 5.5137e+23 1.1745e+21 5.2447e+18
6.0000e+00 -1.0000e+00 -2.3110e-03 2.7878e-01 1.9241e+02 8.9023e+00 1.5173e+03 9.2147e+14 9.9206e+13 1.0491e+13 3.9695e+11 5.4858e+09 3.3407e+26 1.9478e+25 -3.2869e+25 -1.3697e+24 -1.0766e+22 1.8934e+26 1.1256e+26 3.9354e+24 2.6296e+22 8.7149e+25 2.8119e+24 1.9807e+22 1.4178e+23 1.1536e+21 1.2501e+19
6.0000e+00 -1.0000e+00 -1.4464e-02 2.9346e-01 8.2781e+01 3.1798e+01 7.3835e+02 2.2632e+13 1.7557e+13 1.9845e+13 5.5481e+11 1.9020e+09 1.0101e+25 1.3724e+25 1.4994e+25 6.1171e+23 2.6304e+21 1.1563e+26 1.7205e+26 3.8570e+24 1.2559e+22 2.7715e+26 6.3678e+24 1.9839e+22 1.9818e+23 6.9753e+20 3.7817e+18
6.0000e+00 -1.0000e+00 -6.0708e-02 3.2931e-01 6.7722e+02 2.5629e+01 1.8757e+03 1.0279e+16 6.6821e+14 2.2548e+13 3.5064e+11 8.0803e+09 9.6651e+29 3.5311e+29 8.6103e+27 5.6613e+25 3.8788e+24 1.4901e+29 3.9349e+27 3.2614e+25 1.6866e+24 1.5972e+26 2.0927e+24 5.1885e+22 4.9157e+22 6.3872e+20 2.5168e+19
6.0000e+00 -1.0000e+00 9.6289e-02 2.8879e-01 1.5397e+02 1.5777e+01 1.1724e+03 2.8854e+14 3.2127e+13 1.5520e+13 6.2341e+11 3.0192e+09 6.0070e+26 3.3391e+25 5.0440e+25 -4.8640e+24 -2.2249e+22 9.2049e+25 1.4006e+26 2.4657e+24 9.7558e+21 2.6839e+26 4.2906e+24 1.5174e+22 2.1679e+23 8.7562e+20 5.1163e+18
6.0000e+00 -1.0000e+00 -1.6349e-01 2.4826e-01 1.0601e+02 3.4500e+01 7.3100e+02 5.0305e+13 2.2788e+13 2.1325e+13 1.0335e+12 3.3509e+09 1.0555e+25 4.0638e+24 -1.6414e+25 -3.1718e+23 -9.1883e+20 7.1272e+25 1.1851e+26 5.4673e+24 1.3071e+22 5.1622e+26 1.8334e+25 2.6805e+22 9.0338e+23 2.1460e+21 9.3643e+18
7.0000e+00 -1.0000e+00 5.3989e-04 2.6902e-01 7.5878e+01 3.1745e+01 6.2790e+02 1.9311e+13 9.8142e+12 1.4865e+13 5.5940e+11 2.4975e+09 7.3404e+23 3.4184e+23 -1.1830e+24 4.4792e+22 1.1093e+20 4.6470e+25 1.0227e+26 1.9203e+24 9.4767e+21 3.0473e+26 4.4168e+24 1.8411e+22 2.0557e+23 8.3953e+20 5.2379e+18
7.0000e+00 -1.0000e+00 1.0524e-02 2.7911e-01 9.1368e+01 2.5016e+01 6.1626e+02 4.4322e+13 1.5478e+13 1.9084e+13 5.2496e+11 1.8666e+09 2.4378e+25 1.4732e+25 1.5724e+25 9.2122e+23 4.9983e+21 1.0627e+26 1.2963e+26 2.4544e+24 1.1073e+22 1.8570e+26 3.6868e+24 1.4491e+22 1.2025e+23 4.8877e+20 2.8926e+18
7.0000e+00 -1.0000e+00 7.0224e-02 2.6399e-01 8.9029e+01 2.3547e+01 6.8291e+02 2.7443e+13 9.5489e+12 1.3334e+13 4.6777e+11 2.0630e+09 1.6503e+24 1.6031e+24 2.3861e+24 1.0086e+22 -1.5426e+20 4.7390e+25 8.6098e+25 2.3855e+24 7.0002e+21 1.6693e+26 4.4961e+24 1.2156e+22 1.9924e+23 7.2807e+20 4.2575e+18
7.0000e+00 -1.0000e+00 -1.4906e-02 2.6859e-01 1.0400e+02 3.9715e+01 7.1883e+02 3.8125e+13 2.1296e+13 2.9387e+13 6.6966e+11 1.9382e+09 1.3097e+25 1.8764e+25 1.0726e+25 5.7717e+23 3.5005e+21 2.7906e+26 4.0846e+26 6.1688e+24 1.5951e+22 7.8396e+26 1.1859e+25 2.1149e+22 2.6545e+23 6.9052e+20 3.6039e+18
7.0000e+00 -1.0000e+00 -8.6699e-02 2.2849e-01 3.7904e+02 6.5412e+00 1.2400e+03 5.2855e+14 2.4808e+13 1.2841e+13 4.7633e+11 9.6201e+09 4.1108e+26 7.1626e+25 1.4905e+25 2.0176e+24 9.3223e+22 1.2739e+26 1.2856e+26 3.2552e+24 4.3200e+22 1.5392e+26 3.5663e+24 2.9498e+22 1.3504e+23 1.7204e+21 4.2745e+19
7.0000e+00 -1.0000e+00 5.9534e-02 2.3945e-01 7.2107e+01 3.5887e+01 6.1389e+02 1.0749e+13 8.3364e+12 1.5087e+13 6.2928e+11 2.8263e+09 2.7271e+23 1.7213e+24 5.0752e+24 5.2073e+22 1.7909e+20 5.7729e+25 1.2905e+26 2.8144e+24 1.0630e+22 3.8855e+26 6.0963e+24 1.6986e+22 3.3485e+23 1.3245e+21 7.6693e+18
8.0000e+00 -1.0000e+00 3.8133e-02 2.8564e-01 1.2087e+02 1.7596e+01 9.5925e+02 2.4761e+14 3.5031e+13 1.4166e+13 5.0780e+11 3.1082e+09 2.2257e+26 -1.5149e+25 -6.9452e+25 -3.6208e+24 -2.2009e+22 8.2248e+25 9.8211e+25 2.7246e+24 1.0062e+22 1.7757e+26 4.2593e+24 1.7664e+22 2.0382e+23 9.4474e+20 6.3188e+18
8.0000e+00 -1.0000e+00 2.8007e-03 3.4392e-01 1.6504e+02 1.5681e+01 6.8054e+02 3.3101e+14 2.1695e+13 1.5741e+13 6.8817e+11 2.9447e+09 3.8671e+25 -2.8693e+25 -4.0067e+25 -3.9168e+23 -4.2925e+20 8.3615e+25 1.3995e+26 3.1979e+24 9.8357e+21 2.7452e+26 5.4557e+24 1.5328e+22 2.5739e+23 8.4759e+20 4.1158e+18
8.0000e+00 -1.0000e+00 1.8827e-02 2.6979e-01 3.6352e+02 5.8654e+00 1.2166e+03 2.3029e+15 1.1046e+14 8.8438e+12 3.3178e+11 9.3944e+09 1.8422e+28 2.2328e+27 1.0102e+26 1.0721e+25 5.2931e+23 3.9307e+26 4.3863e+25 2.7168e+24 8.8429e+22 4.7013e+25 1.1630e+24 6.5177e+21 5.6460e+22 6.9993e+20 2.7164e+19
8.0000e+00 -1.0000e+00 -1.7464e-02 2.4854e-01 8.2957e+01 1.7619e+01 9.3006e+02 7.0912e+13 2.1673e+13 9.2723e+12 4.2299e+11 2.6538e+09 1.2507e+25 1.3535e+24 -1.9718e+24 8.4191e+22 6.5046e+20 3.2792e+25 3.9946e+25 1.1886e+24 7.4830e+21 7.7862e+25 1.7322e+24 1.1114e+22 9.0273e+22 3.8567e+20 3.1410e+18
8.0000e+00 -1.0000e+00 4.7573e-03 3.2275e-01 9.8407e+01 2.7013e+01 9.8352e+02 1.7673e+14 3.1093e+13 1.5124e+13 6.1208e+11 3.2362e+09 6.9335e+25 5.9369e+25 6.4526e+25 3.5755e+23 -2.7004e+21 1.2936e+26 1.7248e+26 3.6990e+24 1.0559e+22 3.3581e+26 5.2908e+24 1.2386e+22 2.7964e+23 1.1399e+21 6.5818e+18
8.0000e+00 -1.0000e+00 6.4693e-03 2.5607e-01 1.1045e+02 2.2200e+01 6.2451e+02 1.1811e+14 1.6350e+13 1.3708e+13 5.1250e+11 2.3975e+09 5.3230e+25 8.6320e+23 -1.4341e+25 -1.3891e+24 -6.1595e+21 5.3256e+25 9.5202e+25 1.7018e+24 8.6431e+21 2.9941e+26 4.0185e+24 1.2632e+22 1.7442e+23 7.4036e+20 4.9317e+18
9.0000e+00 -1.0000e+00 1.1470e-02 3.0451e-01 8.1208e+01 2.5134e+01 5.9200e+02 6.5230e+13 2.1898e+13 1.2878e+13 5.2261e+11 2.8531e+09 1.6095e+25 1.2018e+24 -1.1338e+25 -5.2713e+23 -2.4325e+21 5.1894e+25 7.6028e+25 1.6721e+24 9.2758e+21 1.9143e+26 3.2707e+24 1.3252e+22 1.5549e+23 7.4005e+20 5.0844e+18
9.0000e+00 -1.0000e+00 6.2509e-02 2.7804e-01 1.5579e+02 2.2447e+01 7.8959e+02 2.2208e+14 1.9017e+13 1.9611e+13 6.9986e+11 2.3366e+09 2.9448e+25 -9.9684e+24 -3.7792e+25 -1.7276e+23 2.6766e+21 1.1525e+26 2.0219e+26 4.7961e+24 1.3233e+22 5.3964e+26 9.5216e+24 1.6148e+22 3.1154e+23 8.4381e+20 4.2509e+18
9.0000e+00 -1.0000e+00 1.6421e-01 2.2762e-01 1.0597e+03 1.9467e+01 3.0179e+03 4.2413e+15 1.7022e+14 1.8559e+13 5.5203e+11 1.0468e+10 1.2425e+29 1.6042e+28 1.3805e+27 6.7350e+25 1.3844e+24 2.7756e+27 4.0817e+26 1.6865e+25 2.6078e+23 2.3556e+26 6.9858e+24 4.7790e+22 2.9259e+23 2.3289e+21 3.5948e+19
9.0000e+00 -1.0000e+00 -7.5803e-02 2.6738e-01 1.3513e+02 1.7665e+01 1.5606e+03 6.3362e+14 7.4492e+13 1.4230e+13 5.0161e+11 3.2861e+09 1.1578e+26 -4.3244e+25 -1.8787e+25 -1.2983e+24 -7.2854e+21 1.3091e+26 1.3468e+26 4.4258e+24 2.0462e+22 1.8958e+26 4.8205e+24 1.9743e+22 2.0862e+23 9.4008e+20 6.0889e+18
9.0000e+00 -1.0000e+00 5.9410e-02 2.4572e-01 1.5522e+02 8.2106e+00 1.2998e+03 1.2147e+15 3.5688e+13 8.9151e+12 3.2287e+11 9.3509e+09 1.7060e+27 4.4710e+25 -1.5660e+25 -1.2314e+22 1.0931e+23 2.9160e+25 3.1049e+25 8.6249e+23 1.0615e+22 5.5500e+25 1.3360e+24 8.1471e+21 5.6552e+22 7.4100e+20 2.8390e+19
9.0000e+00 -1.0000e+00 6.9697e-03 3.1689e-01 9.0235e+01 4.2076e+01 6.8540e+02 2.7574e+13 1.5268e+13 2.5051e+13 7.0050e+11 1.9983e+09 2.4000e+24 -3.9039e+24 -1.4792e+25 3.7385e+22 1.1460e+21 1.2890e+26 2.6015e+26 3.9890e+24 9.5927e+21 7.6422e+26 1.1587e+25 1.4700e+22 2.8657e+23 6.5384e+20 3.7836e+18
1.0000e+01 -1.0000e+00 -4.6222e-02 2.9284e-01 7.9661e+01 1.9542e+01 4.9964e+02 4.8639e+13 1.2529e+13 1.0003e+13 4.2496e+11 2.2330e+09 2.7797e+25 1.0240e+25 5.7824e+24 6.0851e+23 2.6018e+21 3.3991e+25 4.9044e+25 1.2991e+24 7.2631e+21 9.3128e+25 1.9833e+24 1.1548e+22 9.4782e+22 4.7955e+20 3.3754e+18
1.0000e+01 -1.0000e+00 5.7384e-02 2.5622e-01 9.5452e+01 3.1010e+01 7.4390e+02 7.9507e+13 1.3823e+13 1.7847e+13 8.2146e+11 2.5922e+09 3.6007e+24 1.1133e+24 -1.4972e+24 3.6735e+23 1.2400e+21 7.3525e+25 1.4842e+26 4.2992e+24 1.1266e+22 3.5204e+26 1.0022e+25 2.3203e+22 4.5199e+23 1.3114e+21 5.8703e+18
1.0000e+01 -1.0000e+00 -1.0280e-01 3.0616e-01 1.0147e+02 3.4752e+01 7.3825e+02 7.5175e+13 1.9017e+13 2.2219e+13 8.2323e+11 2.8005e+09 5.7594e+24 1.5386e+24 6.8465e+24 2.4818e+21 -1.2262e+21 1.0472e+26 2.1167e+26 4.0772e+24 1.3064e+22 5.4649e+26 9.8536e+24 2.6656e+22 3.6826e+23 1.1613e+21 5.7173e+18
1.0000e+01 -1.0000e+00 -3.5439e-02 2.8565e-01 1.7805e+02 1.7510e+01 2.3160e+03 2.5139e+14 4.8751e+13 1.5817e+13 5.6881e+11 2.6539e+09 2.5356e+26 3.0307e+26 1.0985e+26 -1.4760e+24 -7.7146e+21 6.7900e+26 3.3422e+26 3.4498e+24 8.7468e+21 3.4893e+26 4.7949e+24 1.2416e+22 2.2802e+23 7.8330e+20 4.1657e+18
1.0000e+01 -1.0000e+00 -7.6218e-04 2.9102e-01 9.2128e+01 2.8234e+01 6.3160e+02 2.7535e+13 1.9745e+13 2.2214e+13 5.3949e+11 1.7459e+09 7.6406e+24 7.4095e+24 5.3146e+24 3.6098e+23 2.0031e+21 2.0254e+26 2.0754e+26 3.6388e+24 1.3728e+22 2.3245e+26 4.2835e+24 1.5166e+22 1.3131e+23 4.9285e+20 2.5292e+18
1.0000e+01 -1.0000e+00 -1.6577e-02 3.3778e-01 4.7289e+02 4.1941e+00 1.3734e+03 1.4777e+15 1.0317e+14 1.2892e+13 4.8327e+11 3.8454e+09 1.5583e+27 -8.2340e+25 -3.2061e+26 -1.1182e+25 -8.6768e+22 5.7944e+25 8.1224e+25 2.3095e+24 1.2357e+22 1.6950e+26 4.7667e+24 2.6835e+22 2.0697e+23 1.2473e+21 9.8711e+18
1.1000e+01 -1.0000e+00 4.3185e-02 2.7652e-01 1.4387e+02 1.7235e+01 7.1089e+02 2.7536e+14 3.4291e+13 1.5325e+13 5.7179e+11 2.8769e+09 3.8171e+26 1.1342e+26 -2.0115e+25 2.7703e+24 9.2152e+21 8.0512e+25 7.4092e+25 2.6766e+24 1.2041e+22 2.8426e+26 3.9801e+24 1.5211e+22 1.9197e+23 7.2245e+20 4.1758e+18
1.1000e+01 -1.0000e+00 -5.9239e-02 2.9589e-01 8.0332e+01 2.6429e+01 5.5026e+02 3.7105e+13 1.9387e+13 1.7492e+13 5.2327e+11 2.2606e+09 1.4069e+25 1.8779e+25 1.0821e+25 7.4356e+23 4.1500e+21 9.3505e+25 1.0561e+26 2.3099e+24 1.1519e+22 1.5589e+26 2.9106e+24 1.1713e+22 9.9106e+22 4.1922e+20 2.8027e+18
1.1000e+01 -1.0000e+00 2.2562e-02 3.1407e-01 1.4679e+02 1.4618e+01 1.1907e+03 7.1678e+14 2.7360e+13 1.1554e+13 4.3515e+11 9.0138e+09 9.8342e+26 6.2148e+25 6.8281e+25 4.3945e+24 1.1997e+23 9.5776e+25 1.1417e+26 2.8010e+24 2.1606e+22 1.4914e+26 3.5471e+24 2.5517e+22 1.3527e+23 1.4505e+21 3.0549e+19
1.1000e+01 -1.0000e+00 1.3848e-01 2.5116e-01 1.2360e+03 3.8634e+01 3.5764e+03 1.7779e+16 1.4128e+15 3.6361e+13 6.0279e+11 1.0099e+10 1.9901e+30 8.8865e+29 1.8911e+28 2.1465e+26 3.8696e+24 5.0167e+29 1.2197e+28 1.5667e+26 2.5401e+24 4.3961e+26 6.9848e+24 7.5530e+22 1.6752e+23 1.4271e+21 1.9980e+19
1.1000e+01 -1.0000e+00 -7.4393e-02 2.7181e-01 8.4041e+02 1.6700e+01 3.9482e+03 8.0962e+15 4.0775e+14 2.0000e+13 5.5261e+11 1.0961e+10 3.3585e+29 8.4707e+28 2.8169e+27 9.0460e+25 2.3560e+24 2.5540e+28 1.1973e+27 3.8064e+25 7.4450e+23 2.0277e+26 5.3986e+24 4.6187e+22 1.8770e+23 1.6136e+21 2.9296e+19
1.1000e+01 -1.0000e+00 -1.1838e-02 2.7632e-01 1.2371e+02 3.4799e+01 1.0170e+03 3.0536e+14 4.2121e+13 2.2769e+13 1.4490e+12 8.9275e+09 1.4281e+26 2.7250e+25 -5.6353e+24 1.3557e+24 -4.4839e+21 1.2714e+26 1.8156e+26 8.7479e+24 2.3745e+22 5.8139e+26 3.1689e+25 1.0774e+23 1.9338e+24 9.7423e+21 1.3565e+20
1.2000e+01 -1.0000e+00 6.6703e-02 2.6496e-01 1.2704e+02 1.5073e+01 1.0443e+03 2.0518e+14 4.0218e+13 1.2462e+13 4.5907e+11 3.2243e+09 2.1983e+26 8.8635e+24 -3.8220e+25 -1.4238e+24 -1.0089e+22 8.7715e+25 9.2309e+25 2.0162e+24 8.0827e+21 1.4095e+26 3.3776e+24 1.8201e+22 1.5042e+23 8.9176e+20 7.1689e+18
1.2000e+01 -1.0000e+00 6.0971e-02 2.9528e-01 7.5512e+01 3.0285e+01 7.5147e+02 4.9421e+13 1.4896e+13 1.3609e+13 6.3332e+11 3.4419e+09 6.0969e+24 -1.0665e+25 -1.7284e+25 -9.4762e+23 -4.3231e+21 6.8782e+25 1.1100e+26 2.9235e+24 1.3440e+22 2.3440e+26 5.0605e+24 2.1284e+22 3.1437e+23 1.4682e+21 9.3248e+18
1.2000e+01 -1.0000e+00 7.8718e-02 2.8631e-01 1.4407e+02 2.2115e+01 8.4258e+02 6.8269e+14 5.0985e+13 1.9021e+13 4.7575e+11 2.1146e+09 1.5934e+26 -4.3955e+23 5.4588e+24 5.4467e+23 6.0199e+20 1.2898e+26 2.2237e+26 2.0736e+24 8.6073e+21 4.6785e+26 4.6838e+24 1.2664e+22 1.1573e+23 4.8979e+20 4.0052e+18
1.2000e+01 -1.0000e+00 -7.4165e-02 2.5556e-01 1.4406e+02 2.6206e+01 8.8974e+02 1.0684e+14 1.7009e+13 2.3041e+13 8.2612e+11 2.6925e+09 6.0889e+24 3.1592e+24 4.5495e+24 4.3859e+23 9.9785e+20 1.0210e+26 2.1587e+26 4.9749e+24 1.3767e+22 6.0328e+26 1.1463e+25 2.6067e+22 4.5241e+23 1.2676e+21 5.5245e+18
1.2000e+01 -1.0000e+00 1.5039e-02 3.1124e-01 1.4206e+02 2.9898e+01 7.9077e+02 9.5878e+13 1.5784e+13 2.4628e+13 9.5356e+11 2.5315e+09 1.5673e+25 1.1261e+25 2.1302e+25 1.4340e+24 4.6936e+21 9.5398e+25 2.0345e+26 6.8124e+24 1.4520e+22 7.1001e+26 1.8788e+25 2.7550e+22 7.1681e+23 1.5847e+21 6.0044e+18
1.2000e+01 -1.0000e+00 1.7316e-01 2.1850e-01 1.4127e+02 2.6712e+01 8.6176e+02 6.5075e+13 1.8855e+13 2.1308e+13 9.8609e+11 2.9000e+09 1.0788e+25 2.5924e+24 -1.5394e+25 5.0452e+22 8.2411e+20 1.1642e+26 1.9535e+26 8.6981e+24 2.1111e+22 5.3163e+26 1.8786e+25 2.8897e+22 8.1334e+23 1.8010e+21 7.9127e+18
1.3000e+01 -1.0000e+00 -6.8454e-02 2.5564e-01 1.3387e+03 2.0591e+01 2.8355e+03 1.8032e+16 7.4297e+14 2.4775e+13 5.4062e+11 1.3742e+10 8.9944e+29 1.8873e+29 4.6702e+27 7.6827e+25 3.9171e+24 4.5458e+28 1.2674e+27 2.4396e+25 9.8447e+23 1.0444e+26 2.3598e+24 3.5045e+22 7.2833e+22 8.6170e+20 2.8882e+19
1.3000e+01 -1.0000e+00 6.3711e-02 3.5518e-01 1.1053e+02 2.3450e+01 1.1109e+03 3.5495e+14 3.9876e+13 1.6097e+13 6.1967e+11 3.1786e+09 3.8479e+26 -6.7809e+24 5.7524e+25 -2.0106e+24 -6.6172e+21 7.7840e+25 8.2104e+25 2.7464e+24 1.1057e+22 2.9424e+26 4.6872e+24 1.7143e+22 2.4815e+23 9.2766e+20 5.2579e+18
1.3000e+01 -1.0000e+00 -3.4481e-02 2.9864e-01 8.7844e+01 2.7261e+01 5.8635e+02 1.0661e+14 1.6573e+13 1.3666e+13 5.5848e+11 3.1298e+09 1.1015e+25 3.9379e+24 1.3596e+25 -2.7734e+23 -2.8643e+21 5.2419e+25 1.0545e+26 1.9989e+24 7.9083e+21 2.9510e+26 4.0736e+24 1.0691e+22 2.2505e+23 1.0472e+21 7.0668e+18
1.3000e+01 -1.0000e+00 -7.5533e-03 3.0116e-01 9.0343e+02 6.3488e+01 6.2342e+03 2.7685e+16 3.1583e+15 7.0262e+13 8.0148e+11 9.1962e+09 7.0475e+30 4.2067e+30 1.0754e+29 9.9426e+26 9.0802e+24 2.8457e+30 7.5169e+28 7.2081e+26 6.4459e+24 2.2740e+27 2.5910e+25 1.9973e+23 4.5168e+23 2.7936e+21 2.5048e+19
1.3000e+01 -1.0000e+00 -3.6429e-02 2.7974e-01 1.0017e+03 3.5542e+01 3.4985e+03 2.0664e+16 1.9651e+15 4.4327e+13 6.8917e+11 1.2044e+10 5.1265e+30 2.2336e+30 4.5255e+28 6.3217e+26 1.0634e+25 1.0862e+30 2.3811e+28 3.4405e+26 5.4553e+24 7.6430e+26 1.3258e+25 1.4316e+23 3.1179e+23 2.5804e+21 3.7416e+19
1.3000e+01 -1.0000e+00 -6.4164e-02 2.9563e-01 1.9724e+02 7.1932e+00 1.2043e+03 7.6297e+14 2.4193e+13 9.6416e+12 3.9225e+11 9.5010e+09 4.4950e+26 -4.5687e+25 -5.1552e+25 -3.9059e+24 -8.6567e+22 3.2653e+25 3.4748e+25 1.0943e+24 1.1737e+22 7.1183e+25 1.8310e+24 1.2651e+22 8.9176e+22 1.0865e+21 3.2959e+19
1.4000e+01 -1.0000e+00 -1.6417e-02 2.4688e-01 1.5393e+02 1.5206e+01 2.1329e+03 9.7010e+14 1.5227e+14 1.3319e+13 6.1344e+11 3.7227e+09 5.8484e+26 -3.5187e+24 6.0452e+25 -3.9162e+24 -3.1621e+22 7.9379e+25 8.6300e+25 2.0862e+24 7.8067e+21 2.1725e+26 4.5030e+24 1.7235e+22 2.8860e+23 1.3159e+21 8.1252e+18
1.4000e+01 -1.0000e+00 -8.0970e-03 2.4448e-01 9.2007e+01 3.7038e+01 6.9841e+02 1.9471e+13 1.2243e+13 2.0171e+13 9.2124e+11 2.6947e+09 1.8094e+24 6.6615e+24 8.9200e+24 5.0343e+23 1.2141e+21 8.4060e+25 1.5507e+26 5.9336e+24 1.4499e+22 5.1286e+26 1.3604e+25 2.0313e+22 6.0799e+23 1.3592e+21 5.3717e+18
1.4000e+01 -1.0000e+00 -1.0539e-01 2.1211e-01 8.2361e+01 3.2299e+01 7.9215e+02 3.8026e+13 1.2742e+13 1.5442e+13 8.1007e+11 2.6840e+09 4.9181e+24 9.7081e+24 1.7226e+25 3.3621e+23 4.8539e+20 7.4007e+25 1.3265e+26 4.6682e+24 1.3548e+22 2.8520e+26 1.0396e+25 2.8996e+22 5.4560e+23 1.6279e+21 6.3944e+18
1.4000e+01 -1.0000e+00 3.4290e-02 3.1735e-01 6.5084e+02 1.5515e+01 2.3288e+03 2.8788e+16 4.6777e+14 1.8450e+13 5.2163e+11 9.6963e+09 2.2159e+30 2.0080e+29 3.7554e+27 1.9945e+26 6.0310e+24 2.4279e+28 9.7371e+26 3.9030e+25 7.9710e+23 2.2124e+26 6.0164e+24 4.7134e+22 2.1243e+23 1.8919e+21 3.3895e+19
1.4000e+01 -1.0000e+00 -1.5621e-02 2.8207e-01 1.4132e+02 1.0315e+01 9.1351e+02 1.8978e+14 3.5237e+13 9.4747e+12 4.1331e+11 2.2515e+09 7.0933e+25 -2.9088e+24 -5.7162e+23 -4.0395e+23 -3.5249e+21 3.4403e+25 4.5241e+25 1.2744e+24 6.9573e+21 7.8034e+25 1.6127e+24 9.0299e+21 7.6648e+22 3.3442e+20 2.4324e+18
1.4000e+01 -1.0000e+00 4.1536e-02 2.6681e-01 6.5098e+02 3.8866e+01 2.9054e+03 2.1800e+16 1.3993e+15 3.0400e+13 5.3359e+11 9.7214e+09 3.6937e+30 1.2479e+30 2.5553e+28 3.9005e+26 6.8862e+24 4.7928e+29 1.0429e+28 1.6997e+26 2.8291e+24 3.4941e+26 7.0181e+24 7.6015e+22 2.2792e+23 1.8238e+21 2.6299e+19
1.5000e+01 -1.0000e+00 3.8828e-02 3.2672e-01 9.9326e+01 4.1302e+01 7.3144e+02 2.2675e+13 1.4772e+13 2.4346e+13 1.0179e+12 2.7674e+09 8.9424e+23 -6.7947e+23 -6.9267e+24 -1.2257e+23 -1.8545e+20 9.0401e+25 2.0776e+26 7.1704e+24 1.5467e+22 7.1130e+26 2.1224e+25 2.7950e+22 8.2886e+23 1.7611e+21 7.4835e+18
1.5000e+01 -1.0000e+00 2.3136e-02 2.5756e-01 7.0736e+02 2.1806e+01 3.1344e+03 1.8328e+16 6.6101e+14 2.2866e+13 6.5108e+11 1.0357e+10 2.2581e+30 4.2838e+29 1.0610e+28 3.9154e+26 6.6670e+24 9.3016e+28 2.7061e+27 1.0213e+26 1.5089e+24 3.0462e+26 9.2118e+24 6.9256e+22 3.5730e+23 2.6943e+21 3.4929e+19
1.5000e+01 -1.0000e+00 3.9673e-02 2.9201e-01 9.9176e+02 3.8076e+01 4.0203e+03 4.1321e+16 1.8315e+15 3.6959e+13 7.6463e+11 1.3862e+10 1.7090e+31 3.3117e+30 5.8900e+28 9.7257e+26 1.8734e+25 7.2805e+29 1.4564e+28 2.5882e+26 4.4229e+24 5.0776e+26 1.0838e+25 1.0603e+23 3.2707e+23 2.4647e+21 3.8173e+19
1.5000e+01 -1.0000e+00 -4.1964e-02 3.1323e-01 1.1435e+02 3.5827e+01 7.7421e+02 7.2148e+13 2.0042e+13 2.7698e+13 6.6949e+11 1.8946e+09 6.4737e+24 1.6185e+25 1.6355e+25 4.9342e+23 3.3770e+21 1.8707e+26 3.3614e+26 4.8577e+24 1.1668e+22 8.0859e+26 1.1559e+25 1.7720e+22 2.6337e+23 6.1687e+20 3.5787e+18
1.5000e+01 -1.0000e+00 -8.1859e-02 2.4864e-01 8.1111e+01 3.6871e+01 5.8545e+02 1.1868e+13 9.0196e+12 1.9039e+13 5.9408e+11 1.7955e+09 3.4715e+23 -4.8725e+23 1.2725e+24 3.0360e+20 -4.4122e+19 5.7713e+25 1.4013e+26 2.4891e+24 6.7916e+21 5.1152e+26 6.6865e+24 1.3297e+22 1.9323e+23 5.3734e+20 2.4010e+18
1.5000e+01 -1.0000e+00 -1.4536e-02 2.8974e-01 7.8632e+01 4.2862e+01 6.1513e+02 4.4476e+12 1.1139e+13 2.1619e+13 6.9696e+11 1.9259e+09 1.6843e+24 1.5020e+24 -1.5780e+24 3.2856e+22 7.1111e+19 7.2316e+25 1.6851e+26 3.0856e+24 7.8186e+21 6.3563e+26 9.5790e+24 1.7448e+22 2.5720e+23 5.9467e+20 2.5736e+18
1.6000e+01 -1.0000e+00 -5.6050e-02 3.2577e-01 1.7197e+02 9.7141e+00 1.1493e+03 3.0552e+14 4.3819e+13 1.0038e+13 4.7457e+11 2.8631e+09 5.4918e+25 2.2995e+24 -1.5581e+25 -3.7207e+23 -3.6213e+21 4.6979e+25 4.4139e+25 1.7319e+24 9.1685e+21 8.5803e+25 2.3462e+24 1.2649e+22 1.4080e+23 6.7174e+20 4.7158e+18
1.6000e+01 -1.0000e+00 1.0973e-01 2.7654e-01 1.0083e+02 3.5075e+01 1.2271e+03 8.3136e+13 2.5870e+13 2.1303e+13 1.0361e+12 3.6704e+09 1.0991e+25 6.2101e+24 -6.7085e+24 -9.5770e+22 -1.6138e+21 1.3795e+26 1.5449e+26 7.4598e+24 1.8536e+22 4.4966e+26 1.7590e+25 3.4733e+22 9.2038e+23 2.3729e+21 1.0107e+19
1.6000e+01 -1.0000e+00 1.2727e-01 2.1431e-01 2.5621e+02 2.0206e+01 1.7763e+03 8.7521e+14 1.1310e+14 1.6047e+13 5.6051e+11 5.2891e+09 4.9567e+27 3.3534e+26 3.6136e+26 1.3435e+25 1.2560e+23 1.9948e+26 1.8127e+26 5.4569e+24 2.7403e+22 2.3490e+26 6.6067e+24 2.9434e+22 2.9368e+23 1.5736e+21 1.1681e+19
1.6000e+01 -1.0000e+00 3.7529e-02 2.7872e-01 1.4628e+03 2.2402e+01 2.5392e+03 2.5063e+16 5.8352e+14 2.5321e+13 4.2422e+11 1.4574e+10 1.4410e+30 1.3759e+29 7.8462e+27 7.4166e+25 5.6518e+24 1.6024e+28 1.0248e+27 1.1381e+25 7.0643e+23 1.1333e+26 1.4865e+24 5.3105e+22 3.1322e+22 8.4190e+20 4.2851e+19
1.6000e+01 -1.0000e+00 -9.6121e-02 2.9531e-01 1.5873e+02 1.5088e+01 1.4497e+03 5.0818e+14 6.7857e+13 1.3970e+13 5.8723e+11 3.6442e+09 2.1274e+26 2.2704e+25 -7.9394e+24 -2.7967e+24 -1.7605e+22 6.1570e+25 1.0525e+26 2.1455e+24 1.1141e+22 2.4268e+26 4.3893e+24 2.0096e+22 2.4659e+23 1.2955e+21 9.1069e+18
1.6000e+01 -1.0000e+00 7.4860e-02 2.9526e-01 2.5903e+02 6.2712e+00 1.0039e+03 2.0241e+15 4.9121e+13 1.0079e+13 3.7867e+11 9.3345e+09 5.6748e+27 3.7975e+26 -4.9715e+25 5.7049e+24 3.3515e+23 6.5497e+25 4.3762e+25 1.5640e+24 3.1196e+22 7.6261e+25 1.7617e+24 9.2757e+21 7.8671e+22 8.5751e+20 2.8718e+19
1.7000e+01 -1.0000e+00 5.2973e-02 2.8413e-01 1.2292e+03 4.2934e+01 2.8836e+03 3.0897e+16 2.0862e+15 3.6669e+13 6.3020e+11 8.3277e+09 3.9495e+30 1.7842e+30 3.0397e+28 3.5077e+26 3.3672e+24 9.9171e+29 1.8367e+28 2.4457e+26 2.2770e+24 4.5846e+26 7.4618e+24 5.7828e+22 1.8524e+23 1.1914e+21 1.1095e+19
1.7000e+01 -1.0000e+00 2.1891e-02 2.8786e-01 1.1412e+02 1.8225e+01 7.5092e+02 2.5131e+14 2.2971e+13 1.2371e+13 6.2259e+11 3.2959e+09 7.8016e+25 2.0960e+25 3.5419e+25 1.4881e+24 7.6811e+21 5.3963e+25 7.9557e+25 1.7503e+24 9.8778e+21 1.4156e+26 3.3000e+24 1.6292e+22 1.7913e+23 8.5030e+20 5.4535e+18
1.7000e+01 -1.0000e+00 2.8854e-02 2.5790e-01 5.1796e+03 1.0887e+04 1.6547e+05 1.5375e+18 1.7588e+18 3.2938e+16 8.1222e+14 3.1062e+15 2.2247e+37 2.4389e+37 4.4458e+35 1.0551e+34 4.0595e+34 2.8079e+37 5.1200e+35 1.2378e+34 4.7548e+34 9.3740e+33 2.2719e+32 8.7231e+32 5.5506e+30 2.1294e+31 8.1700e+31
1.7000e+01 -1.0000e+00 6.5349e-03 3.1036e-01 8.9023e+01 1.4941e+01 5.7416e+02 3.2090e+13 1.4462e+13 8.5533e+12 3.8130e+11 2.2639e+09 1.9879e+25 3.8140e+24 1.3852e+24 2.1370e+23 6.7363e+20 3.2114e+25 4.2055e+25 1.1560e+24 7.3532e+21 6.8381e+25 1.3916e+24 9.4661e+21 6.6599e+22 3.8779e+20 3.1701e+18
1.7000e+01 -1.0000e+00 8.0080e-02 2.6297e-01 5.6069e+02 3.4251e+00 2.0523e+03 3.1451e+15 8.2851e+13 1.0330e+13 3.5964e+11 9.5185e+09 3.3995e+27 1.5476e+26 -9.9871e+25 -1.2695e+23 2.0510e+23 4.1403e+25 3.5762e+25 9.4243e+23 1.9003e+22 6.7685e+25 1.3263e+24 5.6293e+21 5.3994e+22 6.4144e+20 2.7820e+19
1.7000e+01 -1.0000e+00 -9.6673e-02 3.1345e-01 1.2304e+02 2.4479e+01 1.0015e+03 4.0375e+14 4.6225e+13 2.0716e+13 4.6016e+11 1.8663e+09 8.1298e+25 -1.0907e+25 2.8934e+24 -1.1183e+23 -3.5530e+21 1.9778e+26 2.5131e+26 2.7697e+24 1.2965e+22 3.9420e+26 4.3308e+24 1.5509e+22 9.2397e+22 4.1400e+20 3.2533e+18
1.8000e+01 -1.0000e+00 5.4846e-02 2.9641e-01 9.7617e+01 1.8005e+01 6.0100e+02 1.5455e+14 2.0311e+13 1.2261e+13 5.0133e+11 2.7652e+09 3.4506e+25 4.3977e+24 5.1194e+23 4.8350e+23 1.5119e+21 6.5728e+25 7.0185e+25 1.8930e+24 8.4234e+21 1.0104e+26 2.1956e+24 9.8130e+21 1.0767e+23 4.5253e+20 2.9600e+18
1.8000e+01 -1.0000e+00 1.1508e-02 2.7770e-01 1.0537e+02 3.5671e+01 7.5710e+02 2.4199e+13 1.3416e+13 2.3070e+13 9.2598e+11 2.3799e+09 1.4445e+24 -1.4373e+24 1.6829e+24 -6.7017e+22 -8.4064e+20 8.1650e+25 1.7673e+26 6.4133e+24 1.4317e+22 6.0066e+26 1.7032e+25 2.7651e+22 6.9432e+23 1.5694e+21 6.0114e+18
1.8000e+01 -1.0000e+00 -2.8187e-02 2.6831e-01 4.2082e+02 1.0389e+01 2.4938e+03 1.0398e+15 7.1107e+13 1.4596e+13 5.3362e+11 9.4502e+09 5.8263e+27 1.9753e+27 1.7539e+26 1.4599e+25 3.4594e+23 1.0190e+27 2.6848e+26 1.1602e+25 1.6519e+23 2.5160e+26 6.7571e+24 4.5302e+22 2.6466e+23 2.2678e+21 3.5605e+19
1.8000e+01 -1.0000e+00 4.1192e-02 2.6557e-01 8.3895e+01 3.3149e+01 6.3196e+02 2.1663e+13 1.6922e+13 1.9579e+13 4.7492e+11 1.7686e+09 1.3791e+24 -2.2475e+24 -2.4986e+24 8.4360e+22 -4.2572e+19 1.6133e+26 2.0528e+26 2.3172e+24 1.0789e+22 3.5735e+26 4.2058e+24 1.3354e+22 9.4595e+22 3.9714e+20 3.2190e+18
1.8000e+01 -1.0000e+00 7.3152e-02 3.0301e-01 3.2879e+02 1.1461e+01 3.3867e+03 1.6737e+15 1.0842e+14 1.4258e+13 5.1058e+11 5.7059e+10 3.9426e+28 3.3773e+27 5.4768e+26 3.5263e+25 2.8865e+25 6.1322e+26 2.6475e+26 1.0399e+25 1.5868e+24 2.3358e+26 6.8415e+24 5.8987e+23 2.5545e+23 2.4759e+22 3.8366e+22
1.8000e+01 -1.0000e+00 -6.2195e-02 2.5112e-01 8.3935e+01 2.7918e+01 1.0211e+03 1.0154e+14 2.0137e+13 1.4204e+13 6.6937e+11 3.7724e+09 6.4464e+25 1.9786e+25 1.2259e+25 -1.0135e+24 -5.0992e+21 8.0013e+25 1.1244e+26 2.9568e+24 1.2233e+22 2.2020e+26 5.8560e+24 2.3651e+22 3.6210e+23 1.4369e+21 7.6371e+18
1.9000e+01 -1.0000e+00 3.6239e-02 2.9396e-01 5.7745e+02 3.4087e+00 1.6440e+03 6.2788e+15 2.0734e+14 1.6710e+13 6.8487e+11 7.3825e+09 5.8776e+27 -2.3545e+25 -4.3451e+26 -2.2175e+25 -1.3753e+23 4.6480e+25 5.3426e+25 2.4545e+24 8.5313e+21 1.5757e+26 5.9726e+24 2.2060e+22 3.8585e+23 1.6329e+21 1.0440e+19
1.9000e+01 -1.0000e+00 -1.2271e-01 3.1720e-01 1.9873e+02 1.6517e+01 2.2126e+03 7.9088e+14 1.6452e+14 1.6647e+13 5.6616e+11 1.2837e+10 4.0561e+27 3.2754e+27 1.8063e+26 9.5311e+24 3.1514e+23 3.2408e+27 3.7038e+26 1.7343e+25 3.5085e+23 2.1752e+26 6.7808e+24 4.9110e+22 2.9748e+23 2.6696e+21 5.2225e+19
1.9000e+01 -1.0000e+00 4.7232e-02 2.8403e-01 1.0691e+02 3.2437e+01 1.5243e+03 8.3979e+13 2.4097e+13 2.0283e+13 9.6556e+11 3.4231e+09 1.4780e+25 2.8525e+24 1.8561e+24 -3.1659e+23 -2.4338e+21 7.3786e+25 1.1923e+26 5.4254e+24 1.2641e+22 4.7257e+26 1.4955e+25 2.3107e+22 7.4851e+23 1.9643e+21 9.0628e+18
1.9000e+01 -1.0000e+00 -1.3033e-02 2.6899e-01 3.9147e+02 1.0039e+01 2.4440e+03 1.9971e+15 1.8883e+14 1.4989e+13 5.7993e+11 3.8495e+09 5.0583e+27 1.6296e+27 6.5400e+26 1.3688e+24 -5.3450e+21 8.2622e+26 3.3895e+26 6.0668e+24 1.8573e+22 2.3417e+26 4.0280e+24 1.2701e+22 2.2040e+23 9.3998e+20 5.9996e+18
1.9000e+01 -1.0000e+00 -1.7248e-02 2.8559e-01 1.6857e+02 1.1660e+01 6.6299e+02 2.9507e+14 2.0826e+13 1.6026e+13 4.0178e+11 8.9903e+09 1.1889e+25 2.7790e+24 2.2427e+24 -1.0807e+23 5.9684e+20 9.1835e+25 1.0550e+26 2.1291e+24 1.3217e+22 1.3096e+26 2.6650e+24 1.4638e+22 7.4996e+22 8.0046e+20 3.2836e+19
1.9000e+01 -1.0000e+00 -9.0597e-02 2.5288e-01 1.7352e+02 1.4941e+01 2.7919e+03 5.5002e+14 8.0136e+13 1.4768e+13 6.7830e+11 5.5442e+09 1.7610e+27 1.0058e+27 1.9250e+26 -3.7833e+24 -8.6148e+21 8.6070e+26 2.4199e+26 4.1930e+24 2.0324e+22 1.9331e+26 5.4668e+24 1.8988e+22 3.7579e+23 1.3045e+21 8.0802e+18
2.0000e+01 -1.0000e+00 5.5401e-02 3.1634e-01 1.2561e+02 2.2480e+01 5.9480e+03 2.9182e+14 4.3215e+13 1.6299e+13 7.6994e+11 3.1732e+09 2.7852e+27 8.0691e+26 2.8825e+26 1.6853e+24 3.8609e+21 4.4518e+26 2.3023e+26 7.5607e+24 1.8896e+22 2.2994e+26 8.7795e+24 2.0953e+22 4.5186e+23 1.1421e+21 4.2325e+18
2.0000e+01 -1.0000e+00 -1.9797e-02 3.0647e-01 1.5858e+02 1.1678e+01 1.0300e+03 7.2212e+14 3.3122e+13 1.1381e+13 4.4258e+11 9.1779e+09 7.7882e+26 8.0513e+25 2.7196e+25 2.3072e+24 9.8365e+22 9.0351e+25 9.2203e+25 2.8312e+24 3.5088e+22 1.1284e+26 3.0232e+24 2.5020e+22 1.2315e+23 1.5269e+21 3.7710e+19
2.0000e+01 -1.0000e+00 7.7560e-02 2.9585e-01 1.7327e+02 1.5615e+01 1.8682e+03 1.9783e+15 7.9486e+13 1.6397e+13 6.5927e+11 2.6556e+09 1.6055e+27 3.1492e+25 -4.6555e+25 -1.0111e+25 -4.3625e+22 7.4564e+25 1.2949e+26 1.9557e+24 6.8202e+21 2.9036e+26 5.4658e+24 1.7506e+22 2.6465e+23 9.4042e+20 4.9026e+18
2.0000e+01 -1.0000e+00 7.4596e-03 3.1909e-01 1.0639e+02 3.6504e+01 7.5964e+02 4.2316e+13 1.2999e+13 2.3360e+13 8.7994e+11 2.3549e+09 2.2224e+24 -3.4668e+24 -9.2751e+23 -2.4694e+23 -6.3909e+20 8.5679e+25 1.9888e+26 5.6129e+24 1.1813e+22 6.6392e+26 1.6305e+25 2.4710e+22 6.1007e+23 1.3964e+21 5.6970e+18
2.0000e+01 -1.0000e+00 1.2545e-02 3.0722e-01 1.3752e+02 1.5760e+01 8.3885e+02 2.3044e+14 3.1273e+13 1.1601e+13 4.1765e+11 8.8109e+09 8.6014e+25 3.2242e+23 -3.1840e+24 4.9283e+23 2.8196e+22 9.9776e+25 1.2239e+26 2.5779e+24 2.1097e+22 1.6636e+26 3.6469e+24 2.7758e+22 1.3041e+23 1.4803e+21 3.2062e+19
2.0000e+01 -1.0000e+00 4.6618e-02 2.8213e-01 1.3648e+02 2.0267e+01 7.1407e+02 1.0820e+14 2.2299e+13 1.8636e+13 5.0326e+11 1.9411e+09 3.0881e+25 -3.8000e+25 -5.9678e+25 -5.2325e+23 -2.9572e+21 1.4500e+26 1.9523e+26 2.7462e+24 1.3077e+22 3.7112e+26 4.3272e+24 1.4131e+22 1.0995e+23 4.4841e+20 3.4131e+18
2.1000e+01 -1.0000e+00 -2.6009e-02 2.9050e-01 1.4040e+02 1.0750e+01 6.3694e+02 1.9604e+14 1.6738e+13 1.1572e+13 4.0594e+11 8.8913e+09 4.1707e+25 -8.8958e+24 -1.2481e+25 -1.0387e+24 -1.1688e+22 6.3998e+25 6.4221e+25 1.5211e+24 1.1677e+22 7.8348e+25 1.9679e+24 1.1915e+22 7.9917e+22 9.0300e+20 3.0197e+19
2.1000e+01 -1.0000e+00 2.1230e-02 2.9306e-01 6.0732e+02 2.4687e+01 2.3688e+03 4.6475e+15 7.0444e+14 1.7460e+13 3.5429e+11 8.7160e+09 2.6694e+29 1.8206e+29 2.7535e+27 2.8480e+25 2.2912e+24 1.3626e+29 2.2392e+27 2.7030e+25 1.7277e+24 9.0720e+25 1.6037e+24 3.4371e+22 3.9170e+22 5.3428e+20 2.7195e+19
2.1000e+01 -1.0000e+00 -5.3378e-02 3.0634e-01 5.4997e+03 1.3301e+03 1.2213e+05 8.5581e+17 5.0713e+17 6.6660e+15 1.1962e+14 2.2090e+11 2.6729e+34 2.8785e+34 5.0579e+32 7.6749e+30 9.4350e+27 6.4640e+34 1.0792e+33 2.2463e+31 4.2374e+28 1.8286e+31 3.7068e+29 6.7906e+26 8.5693e+27 1.7326e+25 3.9107e+22
2.1000e+01 -1.0000e+00 2.8498e-02 2.9428e-01 1.1059e+02 2.2103e+01 1.0400e+03 3.0842e+14 4.8959e+13 1.3789e+13 5.8468e+11 3.1100e+09 3.8913e+25 5.1555e+24 -7.7253e+23 -8.9410e+23 -5.1715e+21 1.3681e+26 1.3749e+26 3.0120e+24 1.0981e+22 2.6357e+26 4.4368e+24 1.4372e+22 2.2925e+23 1.0786e+21 6.8428e+18
2.1000e+01 -1.0000e+00 -3.6529e-02 2.5884e-01 2.4323e+02 1.2557e+01 1.3949e+03 3.1539e+15 9.2334e+13 1.5738e+13 5.5032e+11 1.0921e+10 1.9951e+28 7.7229e+26 3.3806e+25 1.2245e+25 5.6504e+23 2.8859e+26 2.4082e+26 7.8294e+24 7.4226e+22 2.7535e+26 7.8658e+24 4.9660e+22 2.8571e+23 2.4309e+21 4.3137e+19
2.1000e+01 -1.0000e+00 1.9043e-02 2.9457e-01 1.7101e+02 8.4371e+00 7.2883e+02 2.3309e+14 1.9276e+13 1.0595e+13 4.0532e+11 8.8967e+09 2.2058e+25 6.1009e+24 4.8787e+24 5.3843e+22 -8.4734e+21 3.6223e+25 4.6628e+25 1.1442e+24 7.2049e+21 6.6769e+25 1.7831e+24 1.1728e+22 6.7806e+22 8.2032e+20 3.1154e+19
2.2000e+01 -1.0000e+00 -7.1572e-02 3.1431e-01 4.6807e+03 7.9575e+03 1.6465e+05 5.2029e+17 9.7724e+17 2.3971e+16 5.7888e+14 2.1985e+15 1.6113e+36 2.9981e+36 7.9206e+34 2.0139e+33 8.1385e+33 6.4410e+36 1.5285e+35 3.9363e+33 1.6342e+34 3.9332e+33 1.0051e+32 4.1023e+32 2.5846e+30 1.0636e+31 4.4565e+31
2.2000e+01 -1.0000e+00 6.5268e-02 2.8711e-01 1.0279e+02 2.5830e+01 7.0165e+02 7.4698e+13 1.5775e+13 1.6049e+13 6.2044e+11 1.9697e+09 6.0606e+24 3.9175e+24 5.6892e+24 4.5405e+23 8.9070e+20 6.4355e+25 1.2116e+26 3.1729e+24 7.4150e+21 3.0530e+26 6.3510e+24 1.4215e+22 2.5625e+23 6.7921e+20 2.4938e+18
2.2000e+01 -1.0000e+00 2.6542e-02 3.3120e-01 1.0452e+02 2.6114e+01 2.6506e+03 1.5484e+14 3.4435e+13 1.7143e+13 6.7289e+11 3.2697e+09 1.7294e+26 1.5733e+26 9.3719e+25 4.4314e+23 -5.4429e+19 3.0062e+26 2.3507e+26 3.3434e+24 8.2647e+21 2.9816e+26 5.3548e+24 1.3974e+22 2.8742e+23 8.9157e+20 4.1809e+18
2.2000e+01 -1.0000e+00 -3.2352e-02 2.7724e-01 1.7964e+02 1.6214e+01 8.0655e+02 3.4882e+14 1.7120e+13 1.5023e+13 6.5755e+11 3.3099e+09 5.5469e+25 3.3907e+24 9.9201e+24 1.9824e+24 1.3208e+22 5.8349e+25 1.2350e+26 2.8972e+24 1.1409e+22 3.2364e+26 6.7438e+24 2.1926e+22 4.0693e+23 1.6964e+21 9.7081e+18
2.2000e+01 -1.0000e+00 -6.1912e-02 3.3124e-01 1.1709e+02 1.8936e+01 6.9159e+02 7.9912e+13 1.0144e+13 1.3291e+13 5.2068e+11 2.5662e+09 3.8148e+25 -1.9119e+24 -1.8452e+25 5.3423e+23 1.1672e+21 4.3031e+25 8.1350e+25 1.4579e+24 8.3917e+21 2.2185e+26 2.9743e+24 1.3424e+22 1.4023e+23 6.5257e+20 4.6728e+18
2.2000e+01 -1.0000e+00 3.4707e-02 2.8365e-01 1.4661e+02 1.1400e+01 1.1034e+03 3.2478e+14 4.5423e+13 1.0037e+13 4.6308e+11 2.9752e+09 4.8527e+25 -2.0567e+25 -2.2186e+25 -1.1814e+24 -7.9843e+21 4.8744e+25 4.8933e+25 1.7446e+24 9.7731e+21 8.5280e+25 2.2751e+24 1.3293e+22 1.3100e+23 6.9465e+20 5.2327e+18
2.3000e+01 -1.0000e+00 -6.3294e-02 2.8574e-01 1.6885e+02 1.8706e+01 8.2305e+02 4.4332e+14 6.3477e+13 1.8793e+13 6.3781e+11 2.8357e+09 1.0295e+26 -3.5245e+24 9.3976e+24 -1.1686e+24 -6.7758e+21 1.1723e+26 1.9637e+26 4.0235e+24 1.4665e+22 3.9547e+26 6.6633e+24 2.2806e+22 3.1602e+23 1.2078e+21 6.3317e+18
2.3000e+01 -1.0000e+00 1.9065e-02 2.7280e-01 1.1093e+02 1.9413e+01 7.5223e+02 3.9086e+14 3.7182e+13 1.3125e+13 6.2869e+11 3.7319e+09 1.3873e+26 -1.5198e+25 -1.4035e+25 -2.8364e+24 -9.7922e+21 4.0710e+25 5.7853e+25 2.2617e+24 9.3946e+21 1.7439e+26 4.6287e+24 1.7738e+22 2.9962e+23 1.2136e+21 6.7658e+18
2.3000e+01 -1.0000e+00 5.2845e-03 2.5030e-01 1.1061e+02 1.5431e+01 6.2910e+02 1.1209e+14 1.4133e+13 1.0594e+13 4.5544e+11 2.1755e+09 4.2157e+25 6.9516e+24 -6.2334e+24 4.1158e+23 1.3543e+21 3.4696e+25 5.1308e+25 1.3526e+24 6.8822e+21 1.0301e+26 2.3076e+24 1.1541e+22 1.2026e+23 5.0824e+20 3.1655e+18
2.3000e+01 -1.0000e+00 -3.3281e-02 2.9252e-01 1.8469e+02 2.1183e+01 1.3395e+03 3.8237e+14 5.5862e+13 2.3443e+13 8.8999e+11 3.0868e+09 2.7147e+26 -1.2805e+25 5.3700e+24 -3.3706e+24 -1.5807e+22 1.2991e+26 2.5775e+26 5.5653e+24 1.5190e+22 5.9656e+26 1.1580e+25 2.8681e+22 4.5876e+23 1.3682e+21 5.8976e+18
2.3000e+01 -1.0000e+00 2.8734e-02 2.8285e-01 1.0571e+02 4.0452e+01 7.8978e+02 4.3571e+13 1.4291e+13 2.5294e+13 1.0557e+12 2.5486e+09 4.8367e+24 2.7820e+24 -1.1767e+25 2.5863e+23 2.1139e+21 9.0406e+25 2.0777e+26 7.8272e+24 1.5691e+22 7.8291e+26 2.2733e+25 2.6933e+22 8.8596e+23 1.6426e+21 6.0062e+18
2.3000e+01 -1.0000e+00 2.4649e-02 3.0297e-01 4.6455e+02 3.0527e+01 1.8303e+03 1.0248e+16 1.0259e+15 1.8012e+13 3.3971e+11 9.8071e+09 6.9973e+29 3.3257e+29 4.6066e+27 4.0567e+25 3.4987e+24 1.7294e+29 2.5646e+27 2.5145e+25 1.8261e+24 7.1269e+25 1.0765e+24 3.0702e+22 2.4319e+22 3.5999e+20 2.3697e+19
2.4000e+01 -1.0000e+00 -1.5990e-02 2.8028e-01 1.5023e+02 1.0420e+01 1.4015e+03 3.9585e+14 4.2444e+13 1.0700e+13 3.7411e+11 9.2988e+09 1.8496e+26 2.6403e+25 -1.6831e+25 -3.4794e+22 4.1744e+22 7.8413e+25 6.0774e+25 2.0057e+24 3.1717e+22 7.6048e+25 1.9792e+24 1.3515e+22 8.6733e+22 9.4327e+20 2.9264e+19
2.4000e+01 -1.0000e+00 6.1474e-02 3.0969e-01 4.1049e+02 8.9141e+00 1.1777e+03 1.9196e+15 8.1927e+13 1.5316e+13 5.7783e+11 1.0202e+10 3.4648e+27 -2.6146e+25 -1.7780e+26 -5.1307e+24 3.3985e+22 1.0105e+26 1.3293e+26 3.6371e+24 2.5114e+22 2.0744e+26 5.7528e+24 3.5982e+22 2.5603e+23 2.2248e+21 3.5212e+19
2.4000e+01 -1.0000e+00 8.0720e-02 3.0396e-01 1.4588e+02 1.9937e+01 1.2812e+03 2.7493e+14 2.6552e+13 1.4948e+13 6.0147e+11 3.2073e+09 1.0643e+26 1.4094e+25 6.0712e+25 1.6614e+24 9.0834e+21 1.0268e+26 1.5071e+26 3.8338e+24 1.3645e+22 3.5550e+26 5.5253e+24 1.5475e+22 2.7152e+23 1.2053e+21 7.6821e+18
2.4000e+01 -1.0000e+00 -6.5013e-02 2.6309e-01 8.8622e+01 2.3936e+01 7.4400e+02 1.1402e+14 1.6676e+13 1.2644e+13 5.7247e+11 3.0759e+09 8.5556e+24 2.5265e+24 1.0915e+25 -1.3666e+22 -4.2284e+19 4.7309e+25 8.3113e+25 2.1756e+24 1.0429e+22 1.7938e+26 4.0732e+24 1.8043e+22 2.2955e+23 1.0408e+21 6.8062e+18
2.4000e+01 -1.0000e+00 -1.2011e-02 2.9233e-01 5.5172e+02 1.0244e+01 3.8390e+03 1.4049e+16 2.8578e+14 1.8135e+13 6.1096e+11 1.2412e+10 5.7835e+29 -1.1736e+28 -2.9326e+27 -1.5693e+26 -2.5366e+24 2.1309e+27 1.1868e+26 8.6692e+24 1.8610e+23 1.2326e+26 3.0162e+24 1.7105e+22 1.4582e+23 1.3924e+21 2.7255e+19
2.4000e+01 -1.0000e+00 7.6462e-03 2.4392e-01 1.4303e+02 1.4126e+01 8.5356e+02 2.9871e+14 3.4824e+13 1.6069e+13 4.9186e+11 2.8530e+09 2.1458e+26 -2.0893e+25 -2.2837e+25 -1.7545e+24 -1.0410e+22 9.2985e+25 9.4389e+25 2.4593e+24 1.1656e+22 1.2036e+26 2.8068e+24 1.2139e+22 1.1304e+23 5.1901e+20 3.4238e+18
