# Data directory: /Users/mmortonson/Documents/Computing/Code/MachineLearning/kaggle/seizure_prediction/data/Patient_1
# Columns:
#  hour
#  type
#  MM
#  SDM
#  MSD
#  SDSD
#  MaxD
#  PM1
#  PM2
#  PM3
#  PM4
#  PM5
#  PC11
#  PC12
#  PC13
#  PC14
#  PC15
#  PC22
#  PC23
#  PC24
#  PC25
#  PC33
#  PC34
#  PC35
#  PC44
#  PC45
#  PC55
0.0000e+00 0.0000e+00 5.2614e-02 2.2742e-01 3.3847e+02 1.4052e+02 3.5720e+03 2.9895e+15 1.6169e+14 5.3658e+12 1.4177e+12 2.8963e+10 6.4210e+30 2.9633e+29 1.6356e+27 1.5298e+27 1.8874e+25 2.3700e+28 1.5845e+26 1.0402e+26 1.5667e+24 1.8661e+25 3.2823e+24 6.3170e+22 1.6111e+24 2.1638e+22 3.4173e+20
0.0000e+00 0.0000e+00 6.0790e-03 2.3631e-01 5.1266e+02 3.5347e+02 9.0192e+03 1.2510e+16 8.2869e+14 6.1073e+12 1.7248e+12 2.9279e+10 2.3961e+32 1.4708e+31 3.6715e+28 1.6162e+28 1.5520e+26 1.4575e+30 1.9464e+27 7.5417e+26 8.6538e+24 2.5679e+25 6.7748e+24 9.6417e+22 2.5468e+24 2.9489e+22 4.1143e+20
0.0000e+00 0.0000e+00 -9.7996e-04 2.2902e-01 3.6765e+02 1.9826e+02 4.5173e+03 2.8933e+15 1.6352e+14 5.1880e+12 1.9195e+12 3.2172e+10 9.1688e+30 5.0716e+29 8.2810e+27 2.9721e+27 3.0566e+25 3.7396e+28 5.2660e+26 2.3550e+26 2.6595e+24 1.6917e+25 5.8850e+24 7.5182e+22 3.4339e+24 3.9423e+22 5.2117e+20
0.0000e+00 0.0000e+00 -1.1901e-01 3.2581e-01 3.6988e+02 2.3701e+02 4.9299e+03 4.4508e+15 2.5483e+14 5.2324e+12 1.8915e+12 3.1066e+10 4.0381e+31 1.1125e+30 4.8646e+27 4.0551e+27 3.3192e+25 1.0704e+29 8.2246e+26 4.3673e+26 4.4928e+24 2.5858e+25 6.9789e+24 9.2814e+22 3.1337e+24 3.5857e+22 4.7312e+20
0.0000e+00 0.0000e+00 2.2623e-02 2.0047e-01 5.3140e+02 2.7184e+02 2.7860e+03 2.8863e+15 8.3081e+13 5.6415e+12 1.1944e+12 2.4273e+10 1.0239e+31 2.1962e+29 1.6610e+27 2.4965e+26 -1.3136e+24 5.1221e+27 8.1047e+25 4.7625e+24 -4.5998e+21 1.6810e+25 2.2917e+24 3.8035e+22 9.6186e+23 1.3061e+22 1.9852e+20
0.0000e+00 0.0000e+00 -1.2325e-01 2.3310e-01 1.4530e+02 6.6066e+01 1.2712e+03 7.7072e+14 3.2302e+13 4.8229e+12 1.0459e+12 2.2387e+10 1.0891e+30 2.7680e+28 6.9371e+26 3.7120e+26 4.2607e+24 1.4127e+27 7.9003e+25 1.0096e+25 1.5873e+23 2.1302e+25 2.5491e+24 4.9116e+22 6.4354e+23 9.9139e+21 1.7902e+20
1.0000e+00 0.0000e+00 -6.1736e-02 2.4502e-01 1.7689e+02 6.4794e+01 2.1175e+03 1.3592e+15 1.4665e+14 8.2321e+12 2.4189e+12 4.2919e+10 1.4373e+30 1.1519e+29 -4.9494e+27 -1.8072e+26 4.4182e+23 1.4195e+28 -2.6889e+26 1.4296e+25 7.5559e+23 1.9430e+26 2.6579e+25 1.6685e+23 4.8890e+24 3.7660e+22 4.7653e+20
1.0000e+00 0.0000e+00 -9.9920e-02 2.8072e-01 1.3887e+02 6.2391e+01 2.3050e+03 4.0985e+14 4.0315e+13 9.0322e+12 2.1104e+12 4.2316e+10 4.4561e+29 2.7537e+28 -1.9311e+27 -1.6653e+26 -2.9420e+24 2.9810e+27 1.2607e+26 -6.9881e+24 -4.0675e+22 2.8980e+26 2.2594e+25 3.6906e+23 2.8085e+24 4.2089e+22 8.4620e+20
1.0000e+00 0.0000e+00 1.5460e-01 2.6988e-01 1.1666e+02 4.4414e+01 1.9376e+03 3.1928e+14 3.8113e+13 1.1587e+13 1.6765e+12 3.4429e+10 1.5063e+29 1.0068e+28 -1.7712e+27 -1.1321e+26 -3.6730e+24 2.2397e+27 2.3704e+26 2.8818e+23 -4.9734e+22 5.6388e+26 3.4837e+25 5.6943e+23 2.5849e+24 4.0276e+22 8.5230e+20
1.0000e+00 0.0000e+00 -5.2028e-02 3.2389e-01 1.1731e+02 5.2654e+01 1.8996e+03 2.7191e+14 4.9514e+13 1.4274e+13 1.4492e+12 3.0039e+10 1.1890e+29 9.4703e+27 -2.0101e+27 -1.2720e+26 -3.0317e+24 4.2751e+27 2.7937e+26 -1.6454e+24 2.5349e+22 9.5218e+26 4.9546e+25 1.0615e+24 2.8453e+24 5.7872e+22 1.2669e+21
1.0000e+00 0.0000e+00 -3.3379e-02 2.6780e-01 1.5125e+02 6.7413e+01 1.8103e+03 1.0308e+15 8.2713e+13 1.3514e+13 1.2231e+12 2.2786e+10 2.3704e+30 1.1232e+29 -7.8455e+27 -5.1007e+26 -1.0071e+25 9.8825e+27 5.8363e+25 -1.1108e+25 -2.6957e+23 7.6216e+26 3.9518e+25 5.4353e+23 2.2065e+24 2.9654e+22 4.5805e+20
1.0000e+00 0.0000e+00 -7.7098e-03 2.8802e-01 1.4537e+02 6.5673e+01 2.1626e+03 7.0993e+14 8.0240e+13 1.3454e+13 1.1521e+12 2.1578e+10 5.4254e+29 3.2626e+28 -4.6993e+27 -2.9677e+26 -6.1972e+24 9.4798e+27 4.1372e+25 -1.1251e+25 -1.9818e+23 7.8986e+26 4.0362e+25 6.1635e+23 2.2052e+24 3.2854e+22 5.2864e+20
2.0000e+00 0.0000e+00 6.3748e-03 2.5366e-01 6.6262e+02 2.9599e+02 9.0037e+03 2.2473e+16 2.0748e+15 1.6706e+13 2.3398e+12 1.9936e+12 4.3345e+32 3.7413e+31 7.8191e+28 6.4148e+26 1.0668e+26 3.9638e+30 1.1528e+28 1.6330e+26 1.6114e+25 6.1662e+25 9.7741e+23 7.5631e+22 7.4130e+23 1.0904e+22 2.9717e+20
2.0000e+00 0.0000e+00 5.9001e-02 2.3539e-01 6.6333e+02 2.3566e+02 1.2380e+04 1.7381e+16 1.1228e+15 2.8977e+13 4.6845e+12 1.6118e+12 2.4911e+32 1.0374e+31 4.5473e+28 1.9529e+27 1.1644e+26 7.1169e+29 1.9691e+27 1.1135e+26 7.1361e+24 2.6264e+25 6.4167e+23 2.5592e+22 5.4259e+23 8.8569e+21 2.8315e+20
2.0000e+00 0.0000e+00 3.6144e-02 2.8095e-01 5.8999e+02 2.4516e+02 7.2674e+03 1.5212e+16 1.0345e+15 1.5999e+13 1.7276e+12 2.2080e+12 2.4306e+32 1.8464e+31 2.9520e+28 3.1407e+27 8.4106e+25 1.5559e+30 2.6468e+27 3.2111e+26 8.1281e+24 1.8255e+25 1.4244e+24 2.6712e+22 6.5802e+23 1.0581e+22 2.9231e+20
2.0000e+00 0.0000e+00 1.0486e-02 2.5788e-01 6.2937e+02 1.8658e+02 1.0341e+05 1.5659e+16 1.3384e+15 3.2087e+13 1.0030e+13 7.1919e+12 2.1823e+32 1.8623e+31 4.2079e+28 8.1117e+27 1.2463e+26 1.6833e+30 4.0436e+27 7.8703e+26 1.2047e+25 2.8836e+25 3.0865e+24 2.8691e+22 6.5242e+23 7.5935e+21 3.8540e+20
2.0000e+00 0.0000e+00 5.3127e-04 2.4854e-01 4.4057e+02 1.6183e+02 6.7078e+03 7.8220e+15 7.2596e+14 9.2465e+12 1.7755e+12 4.9083e+12 1.0179e+32 7.6473e+30 2.1560e+28 2.9735e+27 2.6154e+25 6.2750e+29 1.9599e+27 3.7166e+26 4.2998e+24 2.8900e+25 1.9909e+24 4.1284e+21 1.1306e+24 1.2191e+22 3.8429e+20
2.0000e+00 0.0000e+00 -5.6519e-02 2.6531e-01 6.2634e+02 1.4511e+02 3.5543e+04 7.8250e+15 8.8432e+14 1.6256e+14 3.5507e+13 6.7827e+12 1.0423e+32 7.5567e+30 5.4813e+27 9.8787e+27 3.2693e+25 5.9143e+29 6.0675e+26 8.5114e+26 4.7666e+24 4.9717e+25 5.9974e+24 6.2574e+22 3.4996e+24 3.8568e+22 8.7266e+20
3.0000e+00 0.0000e+00 2.1744e-02 3.0426e-01 2.7266e+02 2.1547e+02 3.7663e+03 2.6430e+15 1.8075e+14 8.4784e+12 1.4426e+12 2.1553e+10 1.0557e+31 7.5845e+29 2.2721e+26 -4.1647e+26 -1.2260e+25 7.9717e+28 3.8062e+26 -8.1565e+25 -1.3128e+24 6.5908e+25 6.4666e+24 7.2736e+22 1.3730e+24 1.4620e+22 1.6886e+20
3.0000e+00 0.0000e+00 3.7188e-03 3.4535e-01 1.7109e+02 9.0033e+01 1.9237e+03 1.4571e+15 1.0766e+14 1.0788e+13 1.2942e+12 1.9412e+10 3.6279e+30 3.0821e+29 1.4787e+27 -2.8565e+26 -6.2972e+24 3.4054e+28 5.2350e+26 -2.6604e+25 -5.1427e+23 1.4410e+26 1.0222e+25 1.1605e+23 1.1428e+24 1.2792e+22 1.5781e+20
3.0000e+00 0.0000e+00 8.3218e-03 2.7413e-01 1.8216e+02 6.8939e+01 2.1784e+03 1.0892e+15 1.1489e+14 1.1958e+13 1.3130e+12 1.9449e+10 7.1437e+29 4.8418e+28 -3.5638e+27 -1.5330e+26 -3.5793e+24 1.7810e+28 1.6514e+26 -9.1960e+24 -2.6551e+23 2.0408e+26 1.3806e+25 1.7563e+23 1.2411e+24 1.4741e+22 1.9002e+20
3.0000e+00 0.0000e+00 3.7019e-02 2.4549e-01 1.6867e+02 1.1699e+02 2.2937e+03 1.4870e+15 1.0416e+14 1.0157e+13 1.3514e+12 1.9098e+10 5.7402e+30 4.0027e+29 1.1560e+27 -2.6891e+26 -6.2488e+24 3.3598e+28 2.9206e+26 -2.9756e+25 -5.1274e+23 1.0535e+26 8.1960e+24 8.8875e+22 1.1087e+24 1.1951e+22 1.4322e+20
3.0000e+00 0.0000e+00 6.2150e-02 2.8718e-01 5.2903e+02 3.7586e+02 5.6715e+03 1.0094e+16 4.9960e+14 9.6004e+12 1.7831e+12 2.9958e+10 1.3465e+32 5.5255e+30 3.5021e+28 9.0741e+27 1.0345e+26 2.8518e+29 1.9151e+27 4.7287e+26 5.5142e+24 4.7146e+25 8.6438e+24 1.2184e+23 2.0592e+24 3.0089e+22 4.9285e+20
3.0000e+00 0.0000e+00 -3.5575e-02 2.3950e-01 6.2973e+02 5.5981e+02 6.4960e+03 1.5165e+16 1.3735e+15 1.0153e+13 1.7961e+12 3.4113e+10 5.1955e+32 4.8482e+31 1.4953e+29 1.4947e+28 2.2838e+26 4.6006e+30 1.4690e+28 1.5908e+27 2.4553e+25 6.6200e+25 8.9929e+24 1.3599e+23 2.0161e+24 3.2989e+22 6.4982e+20
4.0000e+00 0.0000e+00 9.4408e-02 2.4773e-01 1.3140e+03 8.9463e+02 1.3401e+04 4.9812e+16 2.6787e+15 1.6610e+13 1.9820e+12 3.1328e+10 3.0137e+33 1.4520e+32 5.0150e+29 2.7967e+28 3.3984e+26 8.3185e+30 2.4115e+28 1.8110e+27 2.0823e+25 1.2036e+26 9.4015e+24 1.2758e+23 2.3341e+24 3.0600e+22 4.5638e+20
4.0000e+00 0.0000e+00 -4.7437e-02 2.2565e-01 9.8682e+02 5.0682e+02 1.1074e+04 4.0705e+16 2.4280e+15 1.1422e+13 2.0236e+12 3.7639e+10 9.5971e+32 4.8891e+31 1.6594e+28 1.0795e+28 1.2798e+26 2.9860e+30 2.4518e+27 3.3270e+26 3.9410e+24 3.6058e+25 3.2924e+24 5.8421e+22 2.8064e+24 4.0932e+22 6.9988e+20
4.0000e+00 0.0000e+00 1.3254e-02 2.8965e-01 5.5887e+02 2.6036e+02 6.9556e+03 7.8107e+15 3.2057e+14 1.0119e+13 2.2643e+12 3.7716e+10 5.4251e+31 2.3479e+30 1.2403e+28 -2.4812e+26 6.9360e+24 1.7457e+29 9.7591e+26 -3.7890e+25 -3.6245e+21 5.1341e+25 4.0456e+24 5.1189e+22 3.2115e+24 3.8085e+22 5.0431e+20
4.0000e+00 0.0000e+00 -1.2466e-01 2.6335e-01 3.2303e+02 1.9696e+02 3.3765e+03 2.9892e+15 1.9909e+14 8.0628e+12 1.4814e+12 3.1397e+10 2.3301e+31 1.7202e+30 4.2814e+26 -7.6143e+26 -6.8974e+24 1.3439e+29 3.9645e+26 -6.4105e+25 -4.9537e+23 7.2607e+25 4.9931e+24 6.7502e+22 1.2261e+24 1.2255e+22 1.5688e+20
4.0000e+00 0.0000e+00 7.4004e-02 2.7429e-01 2.5837e+02 1.2772e+02 2.4916e+03 2.3374e+15 1.9968e+14 1.1491e+13 1.1749e+12 4.5624e+10 1.4366e+31 1.3733e+30 4.7060e+27 -7.5352e+26 -1.3342e+25 1.3926e+29 9.2832e+26 -4.9852e+25 -7.8904e+23 1.9271e+26 1.0223e+25 1.6966e+23 8.4367e+23 1.2310e+22 2.1000e+20
4.0000e+00 0.0000e+00 -5.5127e-02 3.3593e-01 1.6960e+02 6.1191e+01 2.1004e+03 1.0299e+15 1.1661e+14 1.0440e+13 1.1997e+12 9.1406e+10 2.6263e+30 2.6734e+29 1.4908e+27 -1.8479e+26 -2.4448e+24 3.2955e+28 4.3942e+26 -5.1978e+24 -1.3945e+23 1.4911e+26 8.6416e+24 1.3218e+23 7.9086e+23 9.7243e+21 1.5008e+20
5.0000e+00 0.0000e+00 -1.1080e-01 2.5761e-01 4.4047e+02 6.9084e+01 4.6087e+03 2.2469e+15 1.8377e+14 9.0192e+12 2.1646e+12 1.0554e+13 7.4630e+30 4.7900e+29 -1.9569e+27 1.1142e+27 -1.9026e+25 3.5441e+28 1.7583e+26 1.0010e+26 -1.1015e+24 5.2853e+25 4.9709e+24 1.1484e+23 2.1171e+24 1.6036e+22 7.3352e+20
5.0000e+00 0.0000e+00 1.0178e-01 2.8765e-01 5.1543e+02 1.7599e+02 6.0518e+03 4.1088e+15 3.3073e+14 1.0767e+13 2.6380e+12 1.2641e+13 3.3893e+31 2.1191e+30 1.4407e+28 2.1240e+27 -5.1853e+25 1.5088e+29 9.4056e+26 2.3273e+26 -3.0445e+24 7.6343e+25 5.0114e+24 5.8797e+22 2.8367e+24 1.7632e+22 8.6366e+20
5.0000e+00 0.0000e+00 1.2247e-01 2.4158e-01 4.1495e+02 7.3184e+01 4.8533e+03 1.2577e+15 1.6264e+14 1.0449e+13 1.7182e+12 1.1498e+13 3.2884e+30 4.9228e+29 -3.1141e+27 -6.5205e+26 -2.6608e+25 9.3618e+28 2.3911e+26 -7.2887e+25 -4.0693e+24 1.8813e+26 1.2470e+25 2.2363e+23 1.8948e+24 1.9683e+22 8.7622e+20
5.0000e+00 0.0000e+00 7.0467e-02 2.9250e-01 6.0349e+02 1.9802e+02 6.6493e+03 6.2862e+15 5.4213e+14 7.7376e+13 6.5156e+12 1.2755e+13 6.7006e+31 4.2278e+30 7.4590e+27 1.0094e+28 1.0307e+26 2.9676e+29 9.2974e+26 8.1170e+26 6.7946e+24 3.2500e+25 7.2602e+24 6.1560e+22 3.8230e+24 2.5714e+22 9.9509e+20
5.0000e+00 0.0000e+00 4.4951e-02 3.2986e-01 4.5345e+02 1.0626e+02 2.8472e+03 1.2337e+15 9.8647e+13 1.0210e+13 2.1849e+12 1.3865e+13 6.0086e+30 3.8902e+29 7.0936e+27 -6.0631e+26 -2.4848e+25 2.8750e+28 9.9840e+26 -1.8202e+25 -1.8486e+24 1.0669e+26 5.8728e+24 -3.5632e+22 2.6254e+24 1.3582e+22 8.2978e+20
5.0000e+00 0.0000e+00 3.4203e-02 2.7074e-01 6.8243e+02 1.9530e+02 1.9122e+04 7.8019e+15 7.0013e+14 1.0684e+14 1.6087e+13 1.4616e+13 9.6080e+31 6.3614e+30 3.8014e+26 1.0324e+28 1.4129e+26 4.5369e+29 2.9111e+26 8.1618e+26 7.2651e+24 4.8967e+25 5.7427e+24 5.3344e+22 3.7371e+24 1.9252e+22 1.0587e+21
6.0000e+00 0.0000e+00 -1.4180e-02 2.9426e-01 5.8948e+02 2.7910e+02 7.0342e+03 1.1335e+16 4.9485e+14 5.0190e+12 2.1317e+12 3.6543e+10 1.3804e+32 8.8455e+30 7.3474e+27 7.7112e+27 8.6109e+25 6.6545e+29 1.0767e+27 4.9091e+26 6.8272e+24 1.5906e+25 4.8645e+24 8.6548e+22 4.5273e+24 5.1491e+22 7.3453e+20
6.0000e+00 0.0000e+00 4.7272e-02 2.4572e-01 3.1447e+02 1.2550e+02 3.6139e+03 2.6517e+15 1.5142e+14 5.0521e+12 1.3642e+12 2.7814e+10 5.4239e+30 2.7248e+29 8.1606e+26 1.2744e+27 1.8039e+25 2.2838e+28 1.2310e+26 9.2539e+25 1.4817e+24 1.7950e+25 2.9889e+24 5.4109e+22 1.4670e+24 1.9606e+22 3.0048e+20
6.0000e+00 0.0000e+00 -2.1898e-02 2.6721e-01 5.1523e+02 3.5537e+02 9.0619e+03 1.3773e+16 8.2665e+14 6.2224e+12 1.8327e+12 3.0220e+10 2.3751e+32 1.5191e+31 3.2637e+28 1.5724e+28 1.5886e+26 1.3685e+30 1.5352e+27 7.9661e+26 8.8607e+24 2.6281e+25 6.9771e+24 1.0153e+23 2.9491e+24 3.3545e+22 4.5967e+20
6.0000e+00 0.0000e+00 -7.7732e-02 2.5532e-01 3.4491e+02 1.8903e+02 4.6398e+03 1.9291e+15 1.3096e+14 4.6048e+12 1.8230e+12 3.1059e+10 6.1067e+30 4.0438e+29 5.6561e+27 1.9675e+27 2.1576e+25 3.6283e+28 5.2406e+26 2.1079e+26 2.3746e+24 1.7719e+25 5.6283e+24 7.2907e+22 3.0890e+24 3.5310e+22 4.6527e+20
6.0000e+00 0.0000e+00 1.1068e-01 2.6752e-01 3.6041e+02 2.2094e+02 4.8795e+03 5.2993e+15 2.5897e+14 5.2029e+12 1.9277e+12 3.1590e+10 6.2694e+31 1.5407e+30 8.8212e+27 5.8373e+27 5.0896e+25 1.1414e+29 9.2532e+26 4.6606e+26 4.8644e+24 2.6322e+25 7.3202e+24 9.8201e+22 3.2591e+24 3.7813e+22 5.0721e+20
6.0000e+00 0.0000e+00 -4.8073e-02 3.0156e-01 4.6484e+02 2.6095e+02 2.7508e+03 2.5688e+15 8.3653e+13 5.6885e+12 1.1154e+12 2.3235e+10 8.9535e+30 2.2838e+29 1.6320e+27 3.7039e+26 1.3973e+24 6.5297e+27 1.1351e+26 1.5310e+25 1.4215e+23 1.7702e+25 2.3080e+24 3.8356e+22 8.4154e+23 1.1615e+22 1.7810e+20
7.0000e+00 0.0000e+00 -4.5480e-02 2.7253e-01 7.6919e+02 3.9082e+02 8.0051e+03 1.3658e+16 1.0511e+15 1.6250e+13 1.8010e+12 6.2668e+12 2.8603e+32 2.0194e+31 8.6080e+28 6.1029e+26 -7.5661e+25 1.9129e+30 7.5904e+27 1.5811e+26 -4.8015e+24 6.3418e+25 3.9998e+24 -7.9405e+21 9.6708e+23 7.6200e+21 3.0567e+20
7.0000e+00 0.0000e+00 -4.9169e-02 2.4061e-01 6.9886e+02 3.0556e+02 8.0822e+03 2.9896e+16 2.3898e+15 1.2253e+13 1.3891e+12 2.6276e+12 6.5534e+32 5.1929e+31 5.5955e+28 2.3800e+27 1.0531e+26 4.9851e+30 6.1631e+27 3.8842e+26 1.4573e+25 2.2791e+25 1.5305e+24 2.3901e+22 6.4478e+23 9.9357e+21 3.3269e+20
7.0000e+00 0.0000e+00 1.1633e-01 2.6381e-01 6.6200e+02 2.5602e+02 9.9078e+03 2.1417e+16 1.9597e+15 3.3521e+13 5.3116e+12 1.8796e+12 3.6332e+32 2.7674e+31 6.6050e+28 3.4113e+27 1.3538e+26 3.3336e+30 1.0217e+28 8.7520e+25 1.3401e+25 7.2655e+25 9.6597e+23 8.4315e+22 7.0657e+23 1.0587e+22 2.9243e+20
7.0000e+00 0.0000e+00 -7.6080e-02 2.9227e-01 5.4127e+02 1.9797e+02 1.2486e+04 1.2683e+16 8.0247e+14 1.1120e+13 1.6697e+12 1.5423e+12 2.3645e+32 1.1895e+31 4.0977e+28 -1.5176e+26 6.2546e+25 8.0790e+29 2.6968e+27 7.5920e+25 5.1209e+24 2.1860e+25 6.7817e+23 1.7139e+22 6.0848e+23 9.9933e+21 2.8750e+20
7.0000e+00 0.0000e+00 2.6751e-02 3.1372e-01 8.0937e+02 4.2895e+02 1.0271e+05 1.9541e+16 1.3880e+15 3.8824e+13 1.0312e+13 6.1825e+12 2.7327e+32 1.9573e+31 4.7557e+28 6.5220e+27 1.1781e+26 1.7319e+30 2.9993e+27 7.0168e+26 1.1256e+25 3.7294e+25 2.7074e+24 3.0001e+22 6.0636e+23 7.9029e+21 3.3940e+20
7.0000e+00 0.0000e+00 -1.7204e-01 2.1388e-01 4.8202e+02 1.6772e+02 6.4042e+03 1.1178e+16 8.7723e+14 9.5574e+12 1.6047e+12 4.7324e+12 1.2878e+32 9.0306e+30 2.2202e+28 4.5833e+27 7.0390e+25 6.7054e+29 2.0717e+27 4.0286e+26 5.3520e+24 2.6414e+25 1.9706e+24 1.1032e+22 7.9063e+23 9.5745e+21 3.4356e+20
8.0000e+00 0.0000e+00 -9.4380e-02 2.3859e-01 1.9474e+02 5.3915e+01 2.3613e+03 9.2891e+14 9.0645e+13 1.0752e+13 1.3361e+12 1.1898e+12 1.2358e+30 1.1280e+29 -8.3459e+26 -1.6939e+26 -5.5638e+24 1.2963e+28 2.6479e+26 2.8186e+24 -3.4804e+23 1.7339e+26 1.0211e+25 1.2001e+23 9.8266e+23 9.7687e+21 1.3980e+20
8.0000e+00 0.0000e+00 3.1726e-03 3.2859e-01 2.1049e+02 6.2693e+01 2.8866e+03 1.0627e+15 2.0261e+14 1.3016e+13 1.2672e+12 1.7698e+12 3.2733e+30 7.9186e+29 9.4158e+27 -4.0786e+26 -8.3971e+24 2.0159e+29 2.9425e+27 -4.9713e+25 -1.7355e+24 2.6368e+26 1.1912e+25 1.1470e+23 9.9244e+23 9.3646e+21 1.3559e+20
0.0000e+00 1.0000e+00 -1.1192e-01 2.2355e-01 3.2014e+04 2.5798e+01 1.0220e+05 5.9763e+14 9.0859e+15 6.7871e+15 1.1942e+15 9.0528e+16 2.8651e+29 2.5684e+28 3.4021e+27 8.0620e+26 2.9124e+28 1.0773e+28 1.0926e+27 1.1018e+26 4.8335e+27 3.1780e+26 2.3719e+25 1.6847e+27 5.4911e+24 2.6894e+26 2.2248e+28
0.0000e+00 1.0000e+00 2.5997e-03 2.5273e-01 3.2790e+04 2.5237e+01 1.5999e+05 1.2304e+16 3.2295e+16 5.0801e+16 3.2317e+15 9.3393e+16 1.5491e+32 6.5772e+30 3.6803e+30 1.5046e+29 -6.6559e+29 5.1109e+29 1.3205e+29 5.3032e+27 -3.9169e+28 2.0676e+29 8.7084e+27 -3.0189e+28 3.7615e+26 -1.1211e+27 2.3064e+28
0.0000e+00 1.0000e+00 -7.1125e-02 2.8628e-01 2.9815e+04 2.2188e+01 1.3323e+05 5.7525e+15 9.9079e+16 7.5190e+16 4.1013e+15 7.5872e+16 1.4703e+31 1.8043e+30 1.4203e+29 1.5197e+28 -8.8597e+28 8.0098e+29 5.0115e+28 9.6323e+26 6.1679e+27 1.6428e+28 8.8201e+26 7.7869e+27 8.1057e+25 1.8800e+25 1.4912e+28
0.0000e+00 1.0000e+00 -1.0864e-01 2.2044e-01 2.9159e+04 2.1958e+01 8.2264e+04 4.4307e+15 5.7436e+15 3.9188e+15 4.2216e+14 7.5178e+16 2.1259e+31 5.7062e+29 -1.8610e+28 7.0942e+27 -2.9101e+29 3.2257e+28 -8.4935e+26 1.2064e+26 -1.0754e+28 7.1661e+25 6.5731e+23 8.4474e+26 5.7309e+24 4.0787e+24 1.4839e+28
0.0000e+00 1.0000e+00 8.4390e-02 2.3099e-01 3.2640e+04 2.8416e+01 1.7419e+05 1.3531e+18 8.5712e+17 2.9244e+17 1.5716e+16 8.0060e+16 2.1024e+33 5.4547e+32 6.1413e+29 -1.2743e+30 1.3078e+30 3.1657e+32 2.9229e+30 -7.4355e+29 1.2293e+30 1.9734e+29 1.4828e+27 5.1358e+28 2.4672e+27 -1.2412e+27 1.6573e+28
0.0000e+00 1.0000e+00 4.6362e-02 2.9758e-01 2.2087e+04 7.4952e+02 1.6859e+05 3.0533e+18 2.2218e+18 4.1671e+17 1.2989e+16 1.8475e+16 1.4113e+36 4.4824e+35 2.4110e+34 8.6337e+32 7.1888e+29 1.5163e+35 8.7396e+33 2.9683e+32 -8.5969e+29 6.2031e+32 1.8989e+31 -8.7832e+28 7.2152e+29 -8.7657e+26 5.2256e+26
1.0000e+00 1.0000e+00 6.2647e-03 2.8755e-01 3.2683e+02 1.6472e+02 5.4938e+03 4.8524e+15 4.6730e+14 6.0620e+12 1.1582e+12 2.6683e+10 5.0347e+31 5.1999e+30 5.7384e+27 -7.5084e+26 3.0894e+25 5.5721e+29 8.0564e+26 -7.3428e+25 3.3826e+24 4.5853e+25 5.1953e+24 3.8968e+22 1.1736e+24 1.1598e+22 2.1817e+20
1.0000e+00 1.0000e+00 6.2997e-02 2.9014e-01 3.9402e+02 1.7593e+02 2.5344e+03 6.4603e+15 5.2461e+14 7.0097e+12 8.9728e+11 2.6897e+11 5.2933e+31 2.9990e+30 -1.2193e+28 -1.0463e+27 -1.6369e+26 1.9937e+29 -7.5570e+26 -7.7073e+25 -1.0907e+25 7.1440e+25 7.4192e+24 9.1498e+21 9.3244e+23 7.8799e+21 1.3559e+21
1.0000e+00 1.0000e+00 -4.0331e-02 2.3886e-01 2.4893e+02 1.5474e+02 3.2490e+03 4.1634e+15 4.7788e+14 4.4949e+12 6.7814e+11 1.2672e+11 6.5222e+31 7.1700e+30 -1.1878e+27 -7.5159e+26 -6.0753e+25 7.9902e+29 -7.0196e+25 -7.7388e+25 -6.8422e+24 2.8367e+25 3.7256e+24 2.2515e+22 5.9148e+23 6.7211e+21 3.2169e+20
1.0000e+00 1.0000e+00 -8.6161e-02 2.9867e-01 2.2879e+02 1.4972e+02 3.6521e+03 4.3514e+15 4.3503e+14 4.3493e+12 7.3136e+11 2.3607e+10 5.6656e+31 5.9250e+30 -2.8435e+27 -1.0509e+27 8.3700e+24 6.5477e+29 -1.3934e+26 -1.0778e+26 1.3989e+24 3.0152e+25 3.7795e+24 3.1621e+22 5.8921e+23 5.8857e+21 1.4797e+20
1.0000e+00 1.0000e+00 -4.6653e-02 2.1607e-01 2.5727e+02 1.8500e+02 4.5699e+03 7.1280e+15 4.7383e+14 5.0974e+12 7.6267e+11 2.4475e+10 1.7095e+32 1.0748e+31 -3.2468e+27 -1.7279e+27 1.5291e+25 6.8731e+29 -1.9601e+26 -1.1892e+26 5.5062e+23 3.5994e+25 4.1232e+24 2.8178e+22 6.0761e+23 5.7938e+21 1.6359e+20
1.0000e+00 1.0000e+00 5.5075e-02 1.8052e-01 2.2006e+02 1.4829e+02 3.8608e+03 5.0973e+15 4.0358e+14 4.7556e+12 6.6464e+11 2.0967e+10 8.3555e+31 6.5158e+30 5.2970e+27 -7.0877e+26 3.6972e+25 5.1709e+29 5.1748e+26 -5.4491e+25 2.7768e+24 3.6099e+25 3.5957e+24 3.0128e+22 4.9101e+23 4.6848e+21 1.1114e+20
2.0000e+00 1.0000e+00 -4.4546e-02 2.2876e-01 1.6437e+02 4.9499e+01 1.8851e+03 9.2671e+14 8.9190e+13 9.5411e+12 1.9561e+12 3.9594e+10 5.1907e+29 6.8175e+28 5.0668e+26 5.9563e+25 -3.5752e+24 1.8061e+28 9.1094e+26 -1.7657e+25 -3.3360e+23 1.6644e+26 6.3727e+24 1.4395e+23 1.5439e+24 2.2452e+22 6.0499e+20
2.0000e+00 1.0000e+00 3.3951e-02 3.0429e-01 3.2854e+02 1.5190e+02 4.4138e+03 4.0907e+15 4.4202e+14 7.8827e+12 1.2074e+12 2.6781e+10 2.6325e+31 2.0935e+30 -5.2574e+27 -1.7739e+27 -1.9553e+25 1.9654e+29 9.8027e+25 -1.1304e+26 -4.5218e+23 1.0524e+26 9.7819e+24 6.4455e+22 1.5177e+24 1.2610e+22 1.9240e+20
2.0000e+00 1.0000e+00 9.5041e-02 2.6330e-01 2.7944e+02 1.1591e+02 2.3549e+03 3.3512e+15 4.2672e+14 8.0369e+12 9.6051e+11 2.7164e+10 1.0681e+31 1.2884e+30 6.3031e+26 -5.6525e+26 6.4558e+24 1.7622e+29 7.5363e+26 -3.1755e+25 1.6562e+24 1.0678e+26 6.3283e+24 6.9302e+22 6.9475e+23 8.8087e+21 2.0247e+20
2.0000e+00 1.0000e+00 6.8552e-02 2.8946e-01 2.3430e+02 9.8312e+01 3.3790e+03 1.5849e+15 1.7455e+14 6.1234e+12 9.4152e+11 2.8204e+10 2.4737e+30 2.1103e+29 -2.9465e+27 -1.2634e+26 2.5793e+24 3.8198e+28 4.6524e+26 -1.5098e+25 1.8422e+23 7.0097e+25 5.0760e+24 7.2205e+22 7.0449e+23 1.1263e+22 2.5624e+20
2.0000e+00 1.0000e+00 -3.1285e-02 2.8656e-01 2.3371e+02 1.1233e+02 3.1960e+03 2.3846e+15 2.1852e+14 6.1303e+12 1.0476e+12 2.9332e+10 9.4715e+30 7.1464e+29 -6.1456e+27 -5.8195e+26 -7.9512e+22 7.2403e+28 3.4640e+26 -1.7677e+25 4.1265e+23 6.8056e+25 6.2113e+24 5.6742e+22 1.0927e+24 1.2013e+22 2.6370e+20
2.0000e+00 1.0000e+00 7.8235e-02 1.9454e-01 2.1899e+02 9.9244e+01 3.7218e+03 2.1961e+15 1.9302e+14 5.9576e+12 1.0043e+12 2.9050e+10 7.1123e+30 4.2589e+29 -1.2297e+27 -4.7098e+26 6.3112e+24 4.1639e+28 6.4068e+26 -1.0267e+25 8.1369e+23 4.8928e+25 3.7811e+24 2.7824e+22 9.0075e+23 8.8011e+21 2.1289e+20
0.0000e+00 -1.0000e+00 -5.3328e-03 3.0242e-01 2.0854e+02 6.5246e+01 2.2326e+03 2.4719e+15 2.4711e+14 7.0617e+12 1.5005e+12 3.0616e+10 3.0496e+30 2.2468e+29 -3.8395e+27 -5.1609e+26 1.1920e+24 2.3187e+28 -2.0367e+26 -2.1425e+25 6.7593e+23 6.0414e+25 9.8696e+24 2.7908e+22 2.0930e+24 1.1689e+22 1.9494e+20
0.0000e+00 -1.0000e+00 -6.0983e-02 3.0955e-01 1.6093e+02 6.5662e+01 2.7906e+03 1.4099e+15 1.9814e+14 4.0986e+12 5.5454e+11 2.2972e+10 2.7294e+30 3.0416e+29 1.5643e+26 -1.9748e+26 3.4066e+24 5.1260e+28 1.8762e+25 -3.0484e+25 2.4028e+22 1.9161e+25 2.0959e+24 1.6412e+22 2.9046e+23 3.4295e+21 1.1361e+20
0.0000e+00 -1.0000e+00 -6.6327e-02 2.9610e-01 1.2749e+02 5.8878e+01 2.3087e+03 4.3291e+14 6.1117e+13 1.5799e+13 1.6782e+12 2.7356e+10 1.1320e+30 1.2995e+29 -3.4798e+27 -4.2934e+26 -2.7237e+24 1.6087e+28 -1.3252e+26 -3.4774e+25 -2.3230e+23 8.5908e+26 7.5128e+25 3.7149e+23 7.0979e+24 3.4108e+22 1.8449e+20
0.0000e+00 -1.0000e+00 -8.9379e-02 2.4464e-01 6.7066e+03 1.6687e+03 1.0277e+05 1.4290e+18 2.9911e+17 4.6664e+15 9.4473e+12 4.1202e+10 2.8434e+35 7.7020e+34 1.1811e+33 1.7675e+30 1.8869e+27 2.4692e+34 3.8927e+32 6.5544e+29 4.7474e+26 6.2748e+30 1.1069e+28 6.0617e+24 2.4083e+25 2.3820e+22 2.3082e+20
0.0000e+00 -1.0000e+00 -4.4613e-02 2.9829e-01 1.3793e+02 3.6625e+01 2.1529e+03 2.8233e+14 8.4639e+13 3.3279e+13 1.7080e+12 1.6641e+10 6.2484e+28 2.1447e+27 -2.1577e+27 -7.4120e+25 -9.4908e+23 2.9234e+27 8.7659e+26 3.8339e+25 2.5483e+23 1.1108e+27 6.7697e+25 4.7479e+23 4.9905e+24 3.3602e+22 2.3986e+20
0.0000e+00 -1.0000e+00 -3.5751e-02 2.9467e-01 1.5632e+02 5.5296e+01 1.9267e+03 1.3791e+15 2.1299e+14 4.7875e+12 5.9283e+11 2.1256e+10 2.1477e+30 2.0118e+29 -2.0432e+27 -2.9035e+26 2.6391e+24 4.0163e+28 -2.4306e+26 -4.8077e+25 -4.1213e+22 4.7041e+25 5.7542e+24 3.7982e+22 7.3158e+23 5.2342e+21 9.8693e+19
1.0000e+00 -1.0000e+00 1.0014e-02 3.0102e-01 2.0107e+02 6.5689e+01 2.8414e+03 1.7312e+15 2.0013e+14 6.9153e+12 7.8177e+11 4.4468e+10 2.2181e+30 1.4270e+29 1.3440e+28 1.1204e+27 8.1152e+24 1.9963e+28 4.4201e+26 2.8224e+25 5.8970e+23 1.4608e+26 1.2630e+25 5.8297e+22 1.1709e+24 7.4412e+21 1.7192e+20
1.0000e+00 -1.0000e+00 8.5461e-02 2.8480e-01 1.4658e+02 6.8942e+01 2.4547e+03 6.4464e+14 5.6453e+13 8.8450e+12 2.1557e+12 4.1541e+10 1.1354e+30 7.2006e+28 -3.0433e+27 -4.9202e+26 -6.9659e+24 7.2406e+27 -1.9429e+25 -3.7056e+25 -5.5939e+23 2.0818e+26 1.2310e+25 1.1785e+23 1.8613e+24 2.1041e+22 7.0837e+20
1.0000e+00 -1.0000e+00 -8.6990e-03 2.5733e-01 2.2632e+02 6.0227e+01 1.9033e+03 2.3153e+15 3.5426e+14 1.3508e+13 1.0924e+12 2.4513e+10 2.7377e+30 2.7659e+29 -9.6832e+27 -8.0465e+26 2.6294e+24 4.0084e+28 -7.4580e+26 -9.8165e+25 -2.4735e+22 5.0504e+26 3.9119e+25 2.4378e+23 3.2440e+24 2.1859e+22 2.7513e+20
1.0000e+00 -1.0000e+00 -1.2044e-02 2.5770e-01 3.7140e+02 6.8693e+01 2.7090e+04 4.8732e+15 7.0253e+14 2.3986e+13 3.9270e+12 1.5794e+11 3.0753e+30 4.8229e+29 -1.1221e+28 -3.4636e+27 -5.4294e+25 1.1845e+29 -6.7016e+26 -6.9384e+26 -9.9235e+24 5.0007e+26 1.1472e+26 1.0287e+24 3.3816e+25 3.5199e+23 4.7245e+21
1.0000e+00 -1.0000e+00 -6.1825e-02 3.1761e-01 1.8427e+02 6.2400e+01 1.8399e+03 2.5113e+15 2.2929e+14 5.3498e+12 7.3399e+11 2.5163e+10 8.8530e+30 3.1971e+29 -2.6288e+27 -4.4533e+26 9.9513e+23 2.7023e+28 8.6774e+25 -1.8890e+25 7.5217e+23 2.9999e+25 1.9612e+24 6.5007e+21 3.7930e+23 3.7974e+21 1.6259e+20
1.0000e+00 -1.0000e+00 -9.7028e-03 2.7288e-01 1.7661e+02 6.5420e+01 1.6887e+03 1.5421e+15 1.3004e+14 5.0308e+12 1.0195e+12 2.8931e+10 1.8476e+30 1.2333e+29 -2.5689e+27 -3.3583e+26 2.7573e+24 1.0344e+28 -1.3802e+26 -2.1899e+25 1.8138e+23 4.3846e+25 5.2122e+24 1.4912e+22 8.3028e+23 6.3421e+21 1.7856e+20
2.0000e+00 -1.0000e+00 -1.5410e-01 2.0832e-01 1.6439e+02 9.3426e+01 2.2199e+03 6.7647e+14 4.6277e+13 7.2141e+12 2.0351e+12 3.6370e+10 1.0352e+30 3.5039e+28 -3.0451e+27 -2.4860e+26 -1.9835e+24 1.8416e+27 -1.3805e+24 -8.2193e+24 -8.4013e+22 1.5595e+26 1.1617e+25 1.1930e+23 2.0744e+24 2.4253e+22 3.7187e+20
2.0000e+00 -1.0000e+00 6.6957e-03 2.6972e-01 2.3495e+02 1.2030e+02 3.6353e+03 2.8209e+15 5.3167e+14 7.2273e+12 5.4962e+11 2.2777e+10 7.7254e+30 1.9108e+30 2.1156e+28 -2.5724e+26 3.0464e+24 5.9474e+29 7.4964e+27 -7.8618e+25 -2.9199e+23 1.2110e+26 1.0064e+24 6.8578e+21 3.5255e+23 4.9371e+21 1.3922e+20
2.0000e+00 -1.0000e+00 -1.1922e-01 2.7786e-01 2.3159e+02 1.0186e+02 4.2021e+03 2.0410e+15 2.8900e+14 5.9188e+12 6.3099e+11 2.2623e+10 4.0390e+30 5.0444e+29 2.3808e+27 -5.8869e+25 4.7267e+24 8.0040e+28 4.8323e+26 -1.4175e+25 6.4993e+23 3.4095e+25 2.3943e+24 2.3232e+22 4.2298e+23 6.4280e+21 1.6716e+20
2.0000e+00 -1.0000e+00 4.0785e-02 3.0940e-01 2.0041e+02 5.6873e+01 2.1435e+03 8.4444e+14 1.5245e+14 1.9193e+13 1.4190e+12 1.6415e+10 7.3542e+29 1.4326e+29 -5.2285e+27 -4.0703e+26 -2.6107e+24 3.1887e+28 -9.5526e+25 -2.6075e+25 -1.1907e+23 1.1933e+27 7.2143e+25 4.4096e+23 4.4954e+24 2.7080e+22 1.8750e+20
2.0000e+00 -1.0000e+00 2.0544e-03 2.8938e-01 1.8106e+02 4.5845e+01 2.1616e+03 1.6689e+15 2.3605e+14 3.6792e+12 5.6783e+11 2.4960e+10 8.1290e+29 1.1079e+29 -5.6689e+26 -1.2094e+26 6.6701e+23 4.2299e+28 -3.3583e+25 -2.4273e+25 -9.0732e+22 1.9039e+25 1.5082e+24 2.2925e+21 2.1259e+23 2.9393e+21 1.2452e+20
2.0000e+00 -1.0000e+00 -9.9349e-02 2.5814e-01 1.4328e+02 6.1180e+01 1.9009e+03 4.8879e+14 7.5094e+13 1.6500e+13 1.2634e+12 3.0811e+10 9.8470e+29 1.4091e+29 -3.7817e+27 -3.4154e+26 -3.2138e+24 2.3068e+28 3.7806e+26 -3.9362e+24 2.4427e+22 1.0765e+27 5.7672e+25 5.8049e+23 3.2622e+24 3.1682e+22 3.3824e+20
3.0000e+00 -1.0000e+00 5.9707e-03 2.6910e-01 1.7540e+02 5.9770e+01 2.5144e+03 1.6135e+15 1.5409e+14 4.4191e+12 7.2798e+11 3.3914e+10 2.1514e+30 1.1821e+29 -1.5228e+27 -1.0310e+26 8.2308e+24 1.7163e+28 -3.2489e+25 -1.2636e+25 3.3349e+23 3.5252e+25 3.4053e+24 4.1912e+21 5.0206e+23 5.4674e+21 2.2944e+20
3.0000e+00 -1.0000e+00 2.2645e-03 2.6857e-01 2.4392e+02 1.0101e+02 3.6782e+03 1.9494e+15 3.9088e+14 7.2895e+12 5.9457e+11 2.2617e+10 1.7754e+30 4.5274e+29 5.6752e+27 -1.3183e+26 -6.7011e+23 2.2554e+29 4.1068e+27 -6.3813e+25 -7.4043e+23 1.0727e+26 1.3410e+24 1.7610e+22 3.9094e+23 6.3143e+21 1.6710e+20
3.0000e+00 -1.0000e+00 -1.2118e-02 2.9768e-01 3.0063e+02 9.4067e+01 3.4088e+03 4.0882e+15 4.8206e+14 9.8174e+12 8.2702e+11 6.3292e+10 1.0628e+31 1.0401e+30 1.0141e+28 -4.5024e+25 8.3652e+24 1.5693e+29 1.9214e+27 -3.5277e+25 1.7987e+23 3.3104e+25 -3.7094e+23 -1.8172e+21 2.2818e+23 4.5548e+21 1.3071e+20
3.0000e+00 -1.0000e+00 1.1003e-02 2.2019e-01 1.4787e+02 4.7386e+01 2.8579e+03 5.8178e+14 8.5075e+13 1.4072e+13 1.5867e+12 3.4520e+10 4.0636e+29 8.2464e+28 -4.1051e+27 -4.2313e+26 -5.2259e+24 2.2606e+28 -1.4585e+26 -4.7416e+25 -6.5473e+23 8.9341e+26 5.8174e+25 7.0492e+23 4.2516e+24 5.2607e+22 6.7987e+20
3.0000e+00 -1.0000e+00 -8.6779e-02 3.1905e-01 2.1724e+02 5.5831e+01 2.8074e+03 1.4186e+15 1.4659e+14 4.4041e+12 6.4072e+11 3.4351e+10 7.7462e+29 6.7751e+28 -1.3809e+27 -1.6063e+26 2.9438e+24 1.1134e+28 -2.1957e+24 -5.7467e+24 1.8657e+23 3.2658e+25 3.1381e+24 1.0536e+22 3.6674e+23 3.0333e+21 1.0978e+20
3.0000e+00 -1.0000e+00 -5.9202e-02 2.9102e-01 1.9746e+02 8.6431e+01 1.4210e+03 2.3412e+15 3.2456e+14 4.7335e+12 5.3935e+11 2.0364e+10 6.0624e+30 5.9594e+29 -3.1200e+27 -5.4073e+26 2.4612e+24 8.7539e+28 -3.0129e+26 -6.7101e+25 4.1503e+23 2.3705e+25 2.9292e+24 2.0323e+22 4.0098e+23 3.0159e+21 8.2851e+19
4.0000e+00 -1.0000e+00 -6.1078e-02 2.7718e-01 1.9276e+02 3.9214e+01 2.3486e+03 1.5198e+15 2.0022e+14 1.3741e+13 1.2574e+12 3.2449e+10 6.7335e+29 1.5217e+29 -5.6759e+27 -5.0962e+26 -3.6727e+24 5.7976e+28 -2.0299e+26 -4.9522e+25 -3.6480e+23 4.0420e+26 2.9765e+25 1.6635e+23 2.5088e+24 1.2698e+22 8.7110e+19
4.0000e+00 -1.0000e+00 1.0769e-01 2.4578e-01 1.9860e+02 4.4460e+01 2.1017e+03 8.1930e+14 1.8633e+14 1.9607e+13 1.4911e+12 2.9116e+10 2.5196e+29 3.2914e+28 -5.6189e+27 -4.1496e+26 -4.1393e+24 5.9895e+27 2.9073e+26 3.1132e+24 -3.0254e+22 1.7722e+27 1.0289e+26 9.8062e+23 6.1650e+24 5.7984e+22 5.6839e+20
4.0000e+00 -1.0000e+00 7.7643e-02 2.3724e-01 1.9170e+02 6.6277e+01 1.7680e+03 1.7524e+15 2.2315e+14 8.0421e+12 2.0400e+12 3.8587e+10 3.5903e+30 5.2427e+29 -2.5974e+27 -5.5759e+26 4.3825e+23 9.5750e+28 -7.2190e+25 -1.3410e+26 -7.8311e+23 1.3569e+26 1.6826e+25 1.0654e+23 3.1488e+24 2.7192e+22 4.2755e+20
4.0000e+00 -1.0000e+00 -1.0976e-01 1.9880e-01 2.3136e+02 5.7813e+01 1.8523e+03 1.2382e+15 4.1710e+14 1.8312e+13 1.3368e+12 3.1002e+10 1.4410e+30 1.7665e+29 -6.4319e+27 -5.4170e+26 -4.1079e+24 3.5383e+28 -3.0794e+26 -5.5676e+25 -5.2131e+23 9.8301e+26 5.7818e+25 4.5065e+23 3.6101e+24 2.7474e+22 2.2972e+20
4.0000e+00 -1.0000e+00 -6.1545e-02 2.0592e-01 2.3019e+02 1.1146e+02 3.7313e+03 2.6224e+15 6.2511e+14 8.7038e+12 5.3226e+11 2.4329e+10 1.0088e+31 2.8006e+30 3.9699e+28 -2.4177e+26 2.0127e+23 8.1306e+29 1.1689e+28 -7.7875e+25 -6.2528e+23 2.1236e+26 9.7657e+23 8.8373e+21 3.1828e+23 5.6841e+21 1.6984e+20
4.0000e+00 -1.0000e+00 -1.0841e-01 2.4447e-01 1.9068e+02 8.1386e+01 1.7388e+03 2.3150e+15 2.5775e+14 6.5905e+12 1.1370e+12 2.6490e+10 7.8085e+30 7.8223e+29 3.3721e+27 -2.2575e+26 1.0238e+25 8.8999e+28 3.8385e+26 -1.9739e+25 1.4477e+24 8.6667e+25 1.2760e+25 3.3326e+22 2.1334e+24 8.2221e+21 1.7634e+20
5.0000e+00 -1.0000e+00 8.6540e-02 2.9345e-01 2.0089e+02 1.2034e+02 2.1179e+03 2.3977e+15 2.1090e+14 2.2828e+12 4.9658e+11 2.4513e+10 1.2076e+31 8.9861e+29 1.7276e+27 -1.7094e+26 1.3911e+25 9.1250e+28 1.8177e+26 -2.4360e+25 5.7284e+23 2.4904e+24 4.8240e+22 -2.1809e+21 1.2437e+23 3.3165e+21 1.6594e+20
5.0000e+00 -1.0000e+00 2.9857e-02 3.3246e-01 3.3677e+02 8.7219e+01 1.7104e+03 2.5202e+15 2.2951e+14 9.5513e+12 2.5790e+12 4.0811e+10 1.0137e+30 5.9247e+28 -5.8331e+27 -7.6614e+26 -2.3201e+24 1.0408e+28 -3.5693e+26 -7.2637e+25 -2.3044e+23 1.5643e+26 2.2603e+25 8.6496e+22 4.8219e+24 3.0607e+22 4.1374e+20
5.0000e+00 -1.0000e+00 6.1765e-03 3.2826e-01 1.3076e+02 5.4375e+01 4.9161e+03 5.0845e+14 6.7676e+13 1.6108e+13 1.7007e+12 4.1159e+10 1.3284e+30 1.5698e+29 -3.4125e+27 -4.2903e+26 -2.8672e+24 1.9880e+28 -1.5817e+26 -4.3320e+25 -2.6934e+23 8.2490e+26 7.0959e+25 3.4129e+23 6.6687e+24 3.0976e+22 1.6330e+20
5.0000e+00 -1.0000e+00 -2.3472e-02 3.3018e-01 1.3114e+02 4.8188e+01 1.9860e+03 3.5627e+14 5.1713e+13 9.4289e+12 1.6812e+12 3.1651e+10 2.6403e+29 3.6041e+28 -1.9195e+27 -2.2551e+26 -4.0295e+24 6.4222e+27 -7.7811e+25 -3.3179e+25 -4.9954e+23 3.3826e+26 2.5435e+25 4.2906e+23 2.5823e+24 4.0435e+22 6.7315e+20
5.0000e+00 -1.0000e+00 8.0700e-02 2.2433e-01 2.1960e+02 8.6886e+01 3.6953e+03 1.9493e+15 4.1276e+14 7.2019e+12 5.5494e+11 2.2103e+10 2.1648e+30 6.0898e+29 8.9124e+27 -8.8544e+25 9.0105e+23 2.3789e+29 4.1511e+27 -5.8334e+25 -6.5561e+23 9.7951e+25 7.4416e+23 1.0366e+22 3.2317e+23 5.4313e+21 1.5202e+20
5.0000e+00 -1.0000e+00 -4.8344e-02 2.0834e-01 1.5306e+02 5.2244e+01 3.8352e+03 5.8474e+14 7.9121e+13 1.1619e+13 1.2279e+12 5.7302e+10 8.9948e+29 7.9786e+28 -3.2159e+27 -2.6744e+26 -3.2931e+24 1.3892e+28 -3.0966e+26 -3.9298e+25 -3.7632e+23 2.9319e+26 5.1933e+24 -1.0656e+22 9.0195e+23 1.0572e+22 1.6953e+20
6.0000e+00 -1.0000e+00 -8.1304e-02 2.5406e-01 1.8393e+02 6.7382e+01 1.9993e+03 1.9566e+15 1.8271e+14 3.8389e+12 6.8027e+11 2.6937e+10 2.4158e+30 1.7455e+29 -3.4341e+26 1.8134e+26 1.0413e+25 2.2416e+28 8.5138e+25 7.9362e+24 7.5454e+23 1.1748e+25 4.4560e+23 3.6090e+21 2.2012e+23 4.7169e+21 2.0403e+20
6.0000e+00 -1.0000e+00 5.4446e-02 2.5556e-01 2.9991e+02 1.7264e+02 3.5858e+03 2.5639e+15 5.0635e+14 1.5707e+13 1.1135e+12 2.4558e+10 5.2658e+30 7.3190e+29 -8.7633e+27 -1.1933e+27 -3.0676e+24 2.1990e+29 7.7391e+26 -2.5236e+26 -4.6238e+23 6.7297e+26 4.2368e+25 3.6557e+23 3.3779e+24 2.9378e+22 3.7071e+20
6.0000e+00 -1.0000e+00 5.1065e-02 3.0271e-01 1.9052e+02 7.8794e+01 1.9107e+03 1.3001e+15 1.6243e+14 8.5011e+12 1.0408e+12 2.4591e+10 1.4733e+30 1.1958e+29 -5.3766e+27 -5.2675e+26 -3.5750e+24 2.7987e+28 -3.4028e+26 -4.5375e+25 -5.7955e+22 3.5560e+26 3.3023e+25 2.6616e+23 3.2563e+24 2.9287e+22 3.5553e+20
6.0000e+00 -1.0000e+00 -5.0703e-02 2.6304e-01 1.6116e+02 4.9221e+01 4.4134e+03 8.2061e+14 1.4942e+14 1.4466e+13 1.3868e+12 6.1009e+10 1.5937e+30 1.7149e+29 -5.6411e+27 -4.1757e+26 -2.8721e+24 3.7182e+28 -5.9800e+26 -7.8859e+25 -4.9989e+23 6.1959e+26 2.9509e+25 1.3516e+23 2.0200e+24 1.3479e+22 1.3829e+20
6.0000e+00 -1.0000e+00 -7.7162e-02 2.8069e-01 3.0645e+02 9.3539e+01 3.7272e+03 2.1256e+15 2.7268e+14 2.2264e+13 1.4636e+12 2.7043e+10 2.7428e+30 3.5378e+29 -1.8215e+28 -1.2106e+27 -1.1099e+25 5.1010e+28 -1.1982e+27 -1.0166e+26 -9.7348e+23 1.5844e+27 8.3889e+25 7.1423e+23 4.6238e+24 3.8485e+22 3.5846e+20
6.0000e+00 -1.0000e+00 -8.1163e-02 2.4812e-01 2.2229e+02 6.0993e+01 2.1401e+03 2.7610e+15 2.6057e+14 7.3977e+12 1.3957e+12 2.9039e+10 3.0051e+30 2.3389e+29 -3.6179e+27 -5.4581e+26 -2.1398e+23 2.5377e+28 -2.7722e+26 -4.7997e+25 3.9821e+23 8.1641e+25 1.2502e+25 3.9757e+22 2.2709e+24 1.1318e+22 1.6036e+20
7.0000e+00 -1.0000e+00 5.2144e-03 2.3915e-01 2.1504e+03 2.2207e+03 1.1742e+05 1.8489e+17 1.6719e+17 2.4600e+15 8.3567e+12 4.0627e+10 5.1608e+34 4.8300e+34 7.1276e+32 2.0816e+30 2.2558e+27 4.5754e+34 6.7463e+32 2.0057e+30 2.1987e+27 9.9641e+30 2.9747e+28 3.3089e+25 9.3753e+25 1.1789e+23 3.8200e+20
7.0000e+00 -1.0000e+00 6.6512e-02 3.1430e-01 1.9906e+02 8.1259e+01 2.3129e+03 1.9136e+15 2.1616e+14 5.9818e+12 1.0500e+12 2.5957e+10 4.8518e+30 4.7986e+29 -7.7020e+26 -5.1208e+26 6.8868e+24 5.1827e+28 7.7697e+25 -3.7077e+25 8.3687e+23 6.4143e+25 7.9624e+24 5.5522e+22 1.2094e+24 9.9177e+21 1.7558e+20
7.0000e+00 -1.0000e+00 -8.7218e-02 2.9123e-01 3.6705e+02 7.7500e+01 2.7056e+04 4.6902e+15 6.5272e+14 2.3475e+13 4.0588e+12 1.6003e+11 3.2288e+30 4.7462e+29 -1.4003e+28 -3.5246e+27 -5.2349e+25 1.2723e+29 -9.5196e+26 -7.0612e+26 -9.8402e+24 5.5781e+26 1.2220e+26 1.0942e+24 3.3824e+25 3.4795e+23 4.6394e+21
7.0000e+00 -1.0000e+00 -1.3610e-01 2.5565e-01 1.6812e+02 4.6085e+01 1.5500e+03 1.3210e+15 2.2818e+14 5.1590e+12 6.7362e+11 2.5342e+10 1.4372e+30 1.9043e+29 -2.5588e+27 -3.9361e+26 -1.3216e+24 4.7697e+28 -2.6219e+26 -5.9008e+25 -4.4170e+23 4.1257e+25 5.2247e+24 4.0441e+22 7.0191e+23 6.4177e+21 1.4962e+20
7.0000e+00 -1.0000e+00 -1.1512e-01 2.0202e-01 2.9087e+02 1.3981e+02 3.7612e+03 4.0391e+15 5.3474e+14 9.3616e+12 7.5316e+11 2.0736e+10 1.4314e+31 1.4365e+30 1.7971e+26 -1.0027e+27 -4.8263e+24 4.4070e+29 2.8155e+27 -1.3968e+26 -6.4464e+23 1.9435e+26 1.6184e+25 8.0296e+22 1.7882e+24 1.0870e+22 1.4276e+20
7.0000e+00 -1.0000e+00 3.6801e-02 3.0262e-01 2.3846e+02 3.7707e+01 1.2143e+04 2.1283e+14 1.1582e+14 7.1434e+13 3.4698e+12 4.7515e+11 1.0184e+26 5.0053e+26 3.4088e+26 1.4793e+25 3.1342e+24 3.3092e+27 1.9326e+27 1.0121e+26 2.3038e+25 1.3469e+27 6.9381e+25 1.4815e+25 4.5878e+24 1.0586e+24 2.9903e+23
8.0000e+00 -1.0000e+00 1.2194e-01 2.0951e-01 1.9788e+02 6.9240e+01 1.9192e+03 2.1071e+15 2.2119e+14 6.2980e+12 1.4582e+12 2.8778e+10 3.1230e+30 2.6666e+29 -3.6810e+27 -4.6266e+26 4.4322e+24 2.6680e+28 -2.1467e+26 -1.2913e+25 7.7513e+23 5.4316e+25 8.1968e+24 1.0723e+22 1.6925e+24 8.3961e+21 1.9787e+20
8.0000e+00 -1.0000e+00 3.3222e-02 3.1001e-01 2.2595e+02 6.8706e+01 2.2659e+03 1.9518e+15 2.4505e+14 5.4953e+12 1.0932e+12 2.7298e+10 2.9222e+30 2.9503e+29 -2.3879e+27 -1.6387e+25 1.2421e+25 3.9530e+28 -9.9615e+25 3.0212e+24 1.4490e+24 2.5300e+25 3.5949e+24 8.8018e+21 1.0570e+24 6.8910e+21 1.9274e+20
8.0000e+00 -1.0000e+00 2.6405e-02 3.5443e-01 2.5126e+02 1.2295e+02 5.0649e+03 2.3320e+15 4.8184e+14 1.5605e+13 1.1314e+12 2.4598e+10 4.9837e+30 1.1726e+30 1.2718e+28 -8.9042e+26 -3.3375e+24 4.6688e+29 8.6699e+27 -1.7256e+26 -3.3671e+23 7.8506e+26 4.5418e+25 3.1481e+23 4.0868e+24 2.9060e+22 3.0607e+20
8.0000e+00 -1.0000e+00 -3.4319e-02 2.4002e-01 1.7755e+02 5.9920e+01 1.8972e+03 1.7076e+15 1.7294e+14 4.5321e+12 6.5050e+11 2.6136e+10 3.2845e+30 1.3881e+29 -1.9756e+27 -3.1370e+26 -1.6730e+24 1.1765e+28 2.9470e+25 -1.7994e+25 9.9021e+22 2.4420e+25 1.1455e+24 -2.8300e+21 2.4406e+23 2.8017e+21 1.4702e+20
8.0000e+00 -1.0000e+00 4.8986e-03 3.1371e-01 1.3595e+04 3.0042e+03 1.5033e+05 2.8037e+18 4.3202e+17 1.1909e+16 1.3426e+14 1.7626e+12 8.4760e+35 1.6458e+35 4.2611e+33 1.0728e+31 -9.0000e+28 3.9373e+34 1.0250e+33 3.6110e+30 -2.7596e+28 4.5785e+31 4.3851e+29 2.9768e+27 1.0572e+28 1.1671e+26 1.7165e+24
8.0000e+00 -1.0000e+00 -2.7451e-02 2.4299e-01 4.8228e+02 4.3392e+02 5.2370e+03 6.9715e+15 2.8864e+14 1.0919e+13 1.3099e+12 2.8320e+10 2.0956e+32 6.2473e+30 5.2918e+28 -2.9590e+27 8.5666e+24 2.1863e+29 1.5522e+27 -1.2512e+26 -1.0337e+23 1.9350e+26 1.5320e+25 7.4397e+22 1.7770e+24 9.7833e+21 8.6990e+19
9.0000e+00 -1.0000e+00 1.1825e-01 2.5744e-01 6.0630e+03 1.9517e+01 1.1772e+05 8.2664e+16 1.2721e+17 9.4198e+16 1.0591e+15 6.8858e+13 2.9642e+31 -6.6534e+29 -4.3600e+28 1.2348e+28 1.1443e+27 1.5639e+30 5.0324e+28 -5.5685e+27 -4.4103e+26 6.3864e+28 1.5257e+27 1.0020e+26 7.9256e+25 5.3627e+24 3.9400e+23
9.0000e+00 -1.0000e+00 7.1948e-02 2.2733e-01 2.6171e+02 1.0267e+02 3.8090e+03 2.6177e+15 4.5803e+14 1.4429e+13 1.3085e+12 2.4949e+10 5.8066e+30 1.2202e+30 5.4276e+26 -1.3753e+27 -6.0785e+24 2.8452e+29 1.7791e+27 -2.6861e+26 -1.0205e+24 6.8183e+26 4.1540e+25 3.1940e+23 3.4361e+24 2.7588e+22 3.0391e+20
9.0000e+00 -1.0000e+00 -8.6559e-02 2.3750e-01 2.3300e+02 5.4717e+01 2.0598e+03 2.3220e+15 1.7972e+14 4.0819e+12 6.1448e+11 2.5241e+10 2.8174e+30 1.3280e+29 -1.3990e+27 -1.3422e+25 8.6934e+24 1.3620e+28 8.1826e+25 -2.2966e+24 4.1708e+23 1.8212e+25 6.7908e+23 9.0677e+21 1.9987e+23 4.4496e+21 2.0502e+20
9.0000e+00 -1.0000e+00 1.1678e-01 2.7122e-01 1.8855e+02 6.5678e+01 1.7640e+03 1.9407e+15 2.6873e+14 7.1623e+12 8.5650e+11 2.5463e+10 2.3916e+30 3.7747e+29 2.4003e+27 4.2624e+25 1.1417e+25 6.3962e+28 3.2244e+26 -6.6717e+24 1.7062e+24 1.0425e+26 8.8383e+24 5.1160e+22 9.9643e+23 6.5380e+21 1.4965e+20
9.0000e+00 -1.0000e+00 -5.8299e-02 3.2931e-01 1.3754e+02 5.3856e+01 2.4815e+03 7.3819e+14 7.9467e+13 8.5472e+12 2.0117e+12 3.6148e+10 2.0916e+30 1.6849e+29 -2.5898e+27 -4.9732e+26 -6.5538e+24 1.9937e+28 -1.3295e+26 -7.5607e+25 -9.1462e+23 2.3391e+26 1.6474e+25 2.5661e+23 2.4651e+24 3.2735e+22 5.1838e+20
9.0000e+00 -1.0000e+00 1.2938e-01 2.5281e-01 1.5452e+02 4.8917e+01 1.6424e+03 1.3098e+15 1.8695e+14 4.3844e+12 5.8099e+11 2.2712e+10 1.8192e+30 1.8295e+29 -1.7014e+27 -2.5450e+26 2.7037e+24 3.7161e+28 -1.7843e+26 -4.3384e+25 -2.2510e+23 3.3683e+25 4.1908e+24 3.2120e+22 5.5807e+23 5.1239e+21 1.1836e+20
1.0000e+01 -1.0000e+00 9.6949e-02 2.8533e-01 1.9690e+02 4.8098e+01 2.1918e+03 1.8429e+15 2.7500e+14 4.4201e+12 6.5146e+11 2.6087e+10 1.0154e+30 1.3991e+29 -9.7359e+26 -1.8620e+26 -5.8386e+23 4.8730e+28 -1.2124e+26 -3.5465e+25 -1.7447e+23 2.5615e+25 2.6460e+24 1.0009e+22 3.5373e+23 3.4123e+21 1.2370e+20
1.0000e+01 -1.0000e+00 1.9788e-01 2.3618e-01 2.9624e+02 1.3745e+02 4.9677e+03 1.8615e+15 2.6896e+14 2.4838e+13 1.5972e+12 2.6827e+10 4.4753e+30 2.2017e+29 -1.1002e+28 -9.1603e+26 -6.8226e+24 4.1831e+28 -5.4335e+26 -8.5204e+25 -6.6510e+23 9.2529e+26 5.8730e+25 4.3598e+23 4.0110e+24 2.8870e+22 2.3655e+20
1.0000e+01 -1.0000e+00 -4.7408e-02 2.4249e-01 1.9271e+02 7.3314e+01 1.2892e+03 1.7056e+15 1.6091e+14 2.9361e+12 6.9627e+11 2.6073e+10 2.2131e+30 1.5884e+29 -5.9598e+26 -5.1537e+25 1.1148e+25 2.8509e+28 -4.1120e+25 -1.2389e+25 3.3657e+23 4.2246e+24 3.1395e+23 -5.7202e+21 2.6295e+23 6.3166e+21 2.6810e+20
1.0000e+01 -1.0000e+00 -1.2006e-01 2.0792e-01 2.7046e+02 7.2149e+01 3.3990e+03 2.2638e+15 3.6286e+14 1.0697e+13 1.4647e+12 3.5063e+10 1.5309e+30 3.2178e+29 -3.1306e+27 -2.3388e+26 1.0833e+23 1.1659e+29 5.3607e+26 -8.9371e+25 -4.8615e+23 2.1032e+26 1.4679e+25 1.0153e+23 1.8839e+24 1.5903e+22 1.6142e+20
1.0000e+01 -1.0000e+00 -5.1089e-05 3.3159e-01 2.2363e+02 9.0136e+01 2.0545e+03 1.7598e+15 1.9454e+14 7.9843e+12 2.4648e+12 4.1154e+10 5.2542e+30 5.8817e+29 -4.0168e+27 -7.8389e+26 -5.9341e+23 6.8853e+28 -2.0661e+26 -8.7400e+25 -2.0449e+23 1.4082e+26 1.6599e+25 7.6660e+22 3.8927e+24 3.0663e+22 4.2180e+20
1.0000e+01 -1.0000e+00 1.5385e-01 2.4502e-01 2.4284e+02 1.4107e+02 4.1767e+03 2.1017e+15 3.4022e+14 7.6661e+12 6.0401e+11 1.9468e+10 5.1170e+30 4.4517e+29 3.6598e+27 -2.9269e+26 -1.0284e+24 1.2317e+29 2.5867e+27 -3.8280e+25 1.5000e+23 1.2370e+26 5.4480e+24 2.7287e+22 7.9959e+23 5.1053e+21 9.3074e+19
1.1000e+01 -1.0000e+00 -1.7418e-04 2.6168e-01 3.0754e+02 9.3542e+01 3.6257e+03 2.1433e+15 2.4898e+14 2.1460e+13 1.5005e+12 2.8448e+10 2.6773e+30 3.0013e+29 -1.7655e+28 -1.2431e+27 -1.1682e+25 4.6413e+28 -1.0652e+27 -9.6160e+25 -9.3616e+23 1.4335e+27 8.0488e+25 7.1515e+23 4.7006e+24 4.0746e+22 3.9895e+20
1.1000e+01 -1.0000e+00 -8.7933e-02 3.1707e-01 1.9315e+02 4.9765e+01 4.4534e+03 1.3161e+15 2.2583e+14 1.5085e+13 1.3303e+12 7.6384e+10 1.3715e+30 2.1026e+29 -6.1394e+27 -3.8635e+26 -1.6406e+24 9.0801e+28 -1.3618e+26 -1.1389e+26 -6.2080e+23 5.9567e+26 3.0651e+25 1.3520e+23 2.1553e+24 1.3374e+22 1.3440e+20
1.1000e+01 -1.0000e+00 -1.3155e-02 3.6674e-01 1.9528e+02 7.3306e+01 2.0496e+03 3.0207e+15 2.9351e+14 5.9136e+12 7.7499e+11 2.6132e+10 1.3011e+31 5.7865e+29 -2.6866e+27 -5.5023e+26 2.3203e+24 5.6289e+28 1.4683e+26 -1.5895e+25 1.3314e+24 3.7018e+25 2.4224e+24 1.3732e+22 3.9284e+23 4.3188e+21 1.7682e+20
1.1000e+01 -1.0000e+00 8.7283e-02 2.7145e-01 1.2406e+02 3.5348e+01 2.0493e+04 1.1694e+13 3.3618e+13 2.7704e+13 1.6668e+12 3.6038e+11 6.7338e+25 1.1050e+26 9.6724e+25 7.6362e+24 1.8715e+24 3.4065e+26 2.1782e+26 2.7289e+25 6.6840e+24 1.8885e+26 1.4614e+25 3.4931e+24 3.0857e+24 7.7928e+23 2.0703e+23
1.1000e+01 -1.0000e+00 3.2973e-02 2.1697e-01 1.3371e+02 6.6095e+01 4.2001e+03 5.4261e+14 4.7348e+13 1.5271e+13 1.5734e+12 6.1593e+10 1.8759e+30 1.4655e+29 -4.8416e+27 -5.4596e+26 -4.3217e+24 1.1833e+28 -1.7067e+26 -3.3452e+25 -2.8989e+23 9.6986e+26 6.9950e+25 3.9874e+23 5.4580e+24 3.1674e+22 2.1094e+20
1.1000e+01 -1.0000e+00 1.6588e-02 3.3850e-01 1.4833e+02 5.8674e+01 1.4227e+03 1.2770e+15 1.9837e+14 3.9936e+12 5.1561e+11 2.0861e+10 2.1348e+30 2.9112e+29 3.4583e+26 -1.7605e+26 1.6453e+24 5.3969e+28 9.6045e+25 -2.3862e+25 6.1227e+22 1.9805e+25 2.2069e+24 9.4366e+21 3.0470e+23 2.5262e+21 8.8686e+19
1.2000e+01 -1.0000e+00 -4.1304e-02 2.7272e-01 1.4429e+02 5.7002e+01 1.9142e+03 5.6389e+14 9.1427e+13 2.1002e+13 1.4287e+12 2.4133e+10 1.6889e+30 2.5251e+29 -2.8797e+27 -4.0633e+26 -3.0485e+24 3.8598e+28 2.5566e+26 -2.1537e+25 -1.0547e+23 9.6204e+26 5.9842e+25 4.8384e+23 3.9068e+24 3.0871e+22 2.6178e+20
1.2000e+01 -1.0000e+00 -1.7151e-02 2.8959e-01 2.2475e+02 8.6748e+01 2.3382e+03 1.8568e+15 2.3028e+14 8.6073e+12 2.0660e+12 3.5840e+10 4.7829e+30 5.7856e+29 -4.5217e+26 -5.9964e+26 5.6524e+24 7.2907e+28 5.7823e+25 -7.6736e+25 4.8463e+23 1.4646e+26 1.9038e+25 9.9711e+22 3.4147e+24 2.5172e+22 3.5692e+20
1.2000e+01 -1.0000e+00 -5.7566e-03 2.2741e-01 2.2061e+02 7.3104e+01 2.1818e+03 2.4501e+15 2.6067e+14 3.4007e+12 4.4598e+11 2.3120e+10 5.3454e+30 5.5309e+29 1.5141e+27 -2.4135e+25 1.2712e+25 7.0049e+28 2.3108e+26 -1.0776e+25 9.3908e+23 5.6653e+24 1.5722e+23 -4.9227e+21 9.3451e+22 2.7926e+21 1.8553e+20
1.2000e+01 -1.0000e+00 1.0821e-02 2.6014e-01 2.7702e+02 1.3545e+02 6.7069e+03 3.4532e+15 6.1675e+14 1.5176e+13 1.0229e+12 2.5298e+10 1.5937e+31 2.8268e+30 2.9846e+28 -1.0829e+27 -2.7481e+24 8.4107e+29 1.2828e+28 -2.3383e+26 7.1772e+20 5.6477e+26 2.5709e+25 1.9333e+23 2.7421e+24 2.1446e+22 2.6062e+20
1.2000e+01 -1.0000e+00 -4.5413e-02 2.8188e-01 2.8807e+02 1.1527e+02 4.8084e+03 3.2561e+15 8.4764e+14 1.3006e+13 9.0397e+11 2.4669e+10 8.1215e+30 2.8601e+30 2.0466e+28 -2.9109e+26 5.3051e+24 1.1386e+30 8.8086e+27 -3.9579e+25 2.2581e+24 2.9036e+26 2.1947e+25 1.2017e+23 2.4497e+24 1.5618e+22 2.1617e+20
1.2000e+01 -1.0000e+00 -6.6187e-03 2.9280e-01 2.8850e+02 1.0647e+02 2.9184e+03 2.0733e+15 3.8645e+14 1.4361e+13 1.3974e+12 3.1301e+10 1.7228e+30 2.2790e+29 -6.8067e+27 -6.0599e+26 -3.4612e+24 5.5803e+28 -5.6459e+26 -8.4564e+25 -6.8129e+23 3.2065e+26 2.5206e+25 1.1497e+23 2.3358e+24 1.1404e+22 8.8778e+19
1.3000e+01 -1.0000e+00 1.1059e-01 2.2678e-01 2.3934e+02 6.0265e+01 2.4094e+03 1.5901e+15 1.9995e+14 1.3861e+13 1.2209e+12 3.6296e+10 8.5962e+29 1.1425e+29 -6.6418e+27 -5.1347e+26 -4.2646e+24 4.3438e+28 -2.0073e+26 -4.3358e+25 -3.8937e+23 4.8237e+26 3.3948e+25 2.0550e+23 2.6709e+24 1.5197e+22 1.0663e+20
1.3000e+01 -1.0000e+00 -1.8515e-02 2.6340e-01 2.1084e+02 8.7959e+01 1.8814e+03 9.2802e+14 8.7923e+13 6.9654e+12 1.4371e+12 2.8405e+10 5.7039e+29 4.8743e+28 -3.2450e+27 -4.5892e+26 -4.8919e+24 7.3845e+27 -1.7702e+26 -3.7510e+25 -3.8465e+23 1.3845e+26 1.6575e+25 1.5603e+23 2.3460e+24 2.3910e+22 2.9534e+20
1.3000e+01 -1.0000e+00 -1.0709e-01 3.0214e-01 2.0056e+02 5.1243e+01 2.6272e+03 1.1736e+15 1.4885e+14 1.2055e+13 1.5037e+12 4.5599e+10 2.2197e+30 3.3878e+29 -4.9564e+27 -7.0591e+26 -8.7911e+24 5.3485e+28 -3.8504e+26 -8.7717e+25 -1.1672e+24 5.3417e+26 3.9469e+25 4.3213e+23 3.4349e+24 3.9759e+22 4.9489e+20
1.3000e+01 -1.0000e+00 -5.6126e-02 2.4222e-01 1.7764e+02 7.2488e+01 1.3469e+03 1.7332e+15 2.1577e+14 3.1346e+12 5.1894e+11 2.3085e+10 2.4354e+30 2.3295e+29 -6.8012e+26 -3.5072e+25 1.0147e+25 3.9110e+28 -5.3376e+25 -5.5677e+24 9.3361e+23 4.4653e+24 5.3392e+23 3.8888e+21 1.3317e+23 3.0053e+21 1.5915e+20
1.3000e+01 -1.0000e+00 3.7912e-02 2.9015e-01 2.2585e+02 4.0585e+01 1.7920e+03 1.4174e+15 2.7733e+14 1.6609e+13 1.2681e+12 2.2902e+10 7.3782e+29 1.5584e+29 -6.7759e+27 -5.1523e+26 -4.3539e+24 3.7246e+28 -3.6004e+26 -4.3928e+25 -4.5479e+23 9.7443e+26 6.0271e+25 4.4816e+23 3.9175e+24 2.8490e+22 2.3271e+20
1.3000e+01 -1.0000e+00 -5.0745e-03 2.4804e-01 1.2239e+02 4.8434e+01 1.7625e+03 3.6656e+14 6.7782e+13 1.9703e+13 1.3748e+12 2.3638e+10 3.2090e+29 2.5544e+28 -1.3970e+27 -1.5324e+26 -1.2767e+24 4.8222e+27 5.4010e+26 1.6405e+25 1.1415e+23 9.6397e+26 6.0122e+25 4.3887e+23 3.9479e+24 2.8270e+22 2.1583e+20
1.4000e+01 -1.0000e+00 -2.4448e-02 2.8444e-01 2.0068e+02 5.5546e+01 1.9999e+03 2.2065e+15 1.6316e+14 4.7009e+12 6.6456e+11 2.7818e+10 2.2995e+30 1.0033e+29 -2.2908e+27 -2.5892e+26 -1.8816e+24 8.5923e+27 1.8253e+25 -1.5541e+25 -1.2701e+23 2.6449e+25 9.6076e+23 -3.5785e+20 2.0243e+23 3.3617e+21 1.5729e+20
1.4000e+01 -1.0000e+00 2.5316e-02 1.7520e-01 1.8588e+02 7.3101e+01 1.9378e+03 1.3913e+15 1.8643e+14 3.7351e+12 7.3664e+11 2.6332e+10 1.4866e+30 1.4931e+29 -8.9701e+26 -2.1234e+26 2.3848e+24 3.2894e+28 -1.0647e+26 -2.4938e+25 -2.7570e+22 9.6407e+24 1.1499e+24 -2.9467e+21 3.0000e+23 4.0400e+21 1.6921e+20
1.4000e+01 -1.0000e+00 1.7659e-02 1.9956e-01 1.8635e+02 1.2322e+02 2.6947e+04 1.7261e+14 2.4382e+14 6.1239e+13 2.7577e+12 3.9199e+11 1.4639e+28 8.9048e+28 2.2384e+28 8.9071e+26 7.3885e+24 5.4938e+29 1.3833e+29 5.5127e+27 5.1255e+25 3.4857e+28 1.3902e+27 1.4910e+25 5.5494e+25 6.8504e+23 2.2998e+23
1.4000e+01 -1.0000e+00 -9.7634e-02 2.7577e-01 3.1605e+02 6.8981e+01 1.8595e+03 3.5814e+15 3.4170e+14 5.0558e+12 6.8556e+11 2.5116e+10 5.1155e+30 4.1860e+29 2.9650e+26 4.1968e+26 2.5677e+25 6.6819e+28 5.4565e+26 2.0601e+25 1.9938e+24 1.5413e+25 3.5093e+23 6.9722e+21 2.3454e+23 5.2261e+21 1.9447e+20
1.4000e+01 -1.0000e+00 1.0116e-01 2.9380e-01 2.0406e+02 5.4799e+01 1.9983e+03 2.0676e+15 1.6369e+14 4.6378e+12 6.7672e+11 2.8337e+10 2.2903e+30 1.0294e+29 -1.8114e+27 -2.2446e+26 -6.8505e+23 9.7060e+27 3.5888e+25 -1.5138e+25 -1.1168e+23 2.5993e+25 9.3559e+23 -1.9016e+20 2.1022e+23 3.5025e+21 1.6629e+20
1.4000e+01 -1.0000e+00 -8.9927e-02 2.8258e-01 2.3652e+02 8.8504e+01 2.8515e+03 2.1609e+15 2.4159e+14 7.8228e+12 9.4889e+11 2.7225e+10 3.4267e+30 3.3680e+29 -1.4062e+27 -1.9620e+26 1.2271e+24 3.9460e+28 1.1052e+26 -1.9959e+25 1.4251e+23 1.5664e+26 1.4522e+25 1.7837e+23 1.6491e+24 2.2782e+22 3.9496e+20
1.5000e+01 -1.0000e+00 5.7438e-02 3.6785e-01 1.2227e+02 6.0600e+01 2.1977e+03 4.9563e+14 6.0560e+13 1.3745e+13 1.4097e+12 3.3341e+10 1.6744e+30 2.0291e+29 -3.4112e+27 -3.8902e+26 -3.8040e+24 2.5140e+28 -2.7433e+25 -2.9440e+25 -2.5483e+23 1.0837e+27 6.2131e+25 6.8024e+23 3.8229e+24 4.0786e+22 4.5327e+20
1.5000e+01 -1.0000e+00 -7.3294e-02 3.1482e-01 2.2273e+02 1.2856e+02 2.6864e+03 2.5087e+15 1.8327e+14 4.2375e+12 7.1358e+11 2.6932e+10 1.2005e+31 8.0727e+29 -4.1921e+27 -7.8677e+26 2.5995e+24 8.2428e+28 -1.6906e+26 -6.0307e+25 -4.4593e+23 5.6300e+25 6.0282e+24 3.5278e+22 7.6991e+23 7.2724e+21 1.7944e+20
1.5000e+01 -1.0000e+00 1.4796e-01 2.8008e-01 1.9719e+02 1.0676e+02 1.9995e+03 2.1002e+15 2.3933e+14 2.7656e+12 4.6210e+11 2.4844e+10 1.6829e+31 1.6473e+30 5.9485e+27 -1.6564e+26 6.0876e+24 1.8232e+29 6.1098e+26 -2.6345e+25 1.1718e+23 3.1548e+24 -9.3827e+22 -2.7705e+21 9.9013e+22 3.0853e+21 1.5361e+20
1.5000e+01 -1.0000e+00 7.1789e-02 2.9520e-01 1.3740e+02 5.5809e+01 1.8688e+03 6.5998e+14 9.1569e+13 2.3121e+13 1.5406e+12 2.1209e+10 2.6469e+30 2.5483e+29 -4.6293e+27 -5.8600e+26 -3.3662e+24 2.5488e+28 2.0085e+26 -1.8267e+25 -8.9190e+22 8.8677e+26 5.8743e+25 3.6337e+23 4.2423e+24 2.5802e+22 1.6599e+20
1.5000e+01 -1.0000e+00 -1.1848e-02 2.6147e-01 1.3494e+02 6.0296e+01 2.4550e+03 8.2437e+14 4.4808e+13 7.4318e+12 1.9740e+12 3.5492e+10 2.2144e+30 5.8072e+28 -3.6661e+27 -3.1840e+26 -1.6584e+24 1.8738e+27 2.2383e+25 -2.0401e+24 -4.3907e+21 1.8743e+26 1.4350e+25 1.4268e+23 2.1533e+24 2.4189e+22 3.4648e+20
1.5000e+01 -1.0000e+00 -1.5740e-04 2.5931e-01 3.5278e+03 3.6943e+01 1.1069e+05 7.4046e+16 2.7524e+16 1.7382e+16 5.4407e+14 1.4429e+14 1.5065e+31 4.8189e+29 7.4869e+28 1.7150e+27 8.0421e+25 7.2969e+28 5.6200e+27 -2.9314e+24 1.3242e+25 1.3862e+27 3.4010e+25 2.7725e+24 2.5375e+24 3.6286e+22 2.2110e+22
1.6000e+01 -1.0000e+00 -5.7935e-02 3.0742e-01 2.1548e+03 2.2175e+03 1.1746e+05 1.8498e+17 1.6721e+17 2.4604e+15 8.3217e+12 3.9794e+10 5.1597e+34 4.8290e+34 7.1278e+32 2.0870e+30 2.2500e+27 4.5757e+34 6.7472e+32 2.0097e+30 2.1934e+27 9.9664e+30 2.9812e+28 3.3041e+25 9.4043e+25 1.1786e+23 3.6484e+20
1.6000e+01 -1.0000e+00 -6.0361e-02 2.3152e-01 1.4530e+02 6.7987e+01 1.8841e+03 6.9656e+14 8.5791e+13 1.9872e+13 1.4171e+12 2.3232e+10 1.8918e+30 1.9336e+29 -1.4401e+27 -3.7714e+26 -2.5418e+24 2.0871e+28 4.4526e+26 -6.4103e+24 -2.4360e+22 1.0371e+27 6.1097e+25 4.4686e+23 3.8067e+24 2.7526e+22 2.1010e+20
1.6000e+01 -1.0000e+00 -5.5123e-02 2.7531e-01 2.0626e+02 7.0846e+01 2.3035e+03 1.9174e+15 2.2088e+14 6.3341e+12 1.2205e+12 2.8169e+10 3.8839e+30 3.7797e+29 -3.1591e+27 -6.1449e+26 3.5374e+24 4.0051e+28 -2.0329e+26 -4.1594e+25 5.6602e+23 7.9007e+25 1.0158e+25 6.2989e+22 1.5377e+24 1.1957e+22 2.0427e+20
1.6000e+01 -1.0000e+00 -1.2205e-01 2.8620e-01 1.8807e+02 6.9066e+01 1.9675e+03 1.0175e+15 8.0216e+13 1.1288e+13 1.5407e+12 2.9417e+10 8.5864e+29 2.5503e+28 -6.2264e+27 -5.7272e+26 -1.0817e+25 6.0430e+27 -2.6364e+26 -2.8344e+25 -5.0006e+23 5.0396e+26 3.6992e+25 5.8311e+23 3.0414e+24 4.6443e+22 7.5835e+20
1.6000e+01 -1.0000e+00 3.5453e-02 3.1070e-01 1.8224e+02 9.1368e+01 3.4839e+03 1.4297e+15 2.1686e+14 1.0353e+13 1.1388e+12 2.7183e+10 3.0127e+30 6.8241e+29 3.0138e+27 -8.5020e+26 -7.5505e+24 1.8925e+29 1.9682e+27 -1.4279e+26 -1.4596e+24 3.1053e+26 3.0058e+25 2.5320e+23 3.6979e+24 3.3729e+22 3.7524e+20
1.6000e+01 -1.0000e+00 1.0395e-01 2.2254e-01 1.9934e+02 9.6044e+01 3.3217e+03 2.1558e+15 4.4591e+14 1.2439e+13 1.0755e+12 2.3977e+10 6.4324e+30 1.6401e+30 6.0795e+27 -9.3907e+26 -1.1814e+23 4.5232e+29 3.2018e+27 -2.1620e+26 -4.9432e+23 5.1419e+26 3.3486e+25 2.0854e+23 2.8254e+24 1.9521e+22 2.2764e+20
1.7000e+01 -1.0000e+00 -3.9415e-03 2.8896e-01 2.2899e+02 9.3296e+01 2.0303e+03 2.2650e+15 2.8380e+14 6.0976e+12 6.9326e+11 2.8470e+10 3.3086e+30 2.4630e+29 -1.8786e+27 -5.9702e+25 9.7034e+24 3.0657e+28 -5.3026e+25 -2.0220e+25 3.4228e+23 1.4461e+25 1.2329e+24 1.2645e+21 2.7709e+23 3.9464e+21 1.7993e+20
1.7000e+01 -1.0000e+00 -4.3543e-03 2.8870e-01 1.1886e+02 3.2949e+01 2.0522e+03 2.5831e+14 5.0102e+13 2.0209e+13 1.3075e+12 1.5165e+10 5.9877e+28 -1.4525e+26 -1.6502e+27 -5.5966e+25 -5.9474e+23 1.1351e+27 3.3746e+26 1.4082e+25 1.0405e+23 7.0313e+26 4.0303e+25 2.9029e+23 2.6067e+24 1.7993e+22 1.2999e+20
1.7000e+01 -1.0000e+00 3.4729e-02 2.4305e-01 1.4886e+02 5.8599e+01 1.5010e+03 1.3023e+15 1.9535e+14 4.2107e+12 5.3688e+11 2.0777e+10 2.3126e+30 2.8174e+29 8.9737e+25 -2.0233e+26 1.7705e+24 4.9324e+28 5.7806e+25 -2.4894e+25 3.3820e+22 2.4949e+25 2.7899e+24 1.2801e+22 3.7006e+23 2.9109e+21 8.9861e+19
1.7000e+01 -1.0000e+00 3.4073e-02 2.6754e-01 2.1735e+02 7.9054e+01 1.7496e+03 2.3107e+15 2.1036e+14 6.3684e+12 1.4155e+12 2.7222e+10 2.6919e+30 2.2592e+29 -3.3170e+27 -4.5375e+26 4.6142e+24 2.4057e+28 -1.2829e+26 -1.9430e+25 6.0106e+23 6.2447e+25 9.5365e+24 1.6306e+22 1.8860e+24 8.6933e+21 1.7027e+20
1.7000e+01 -1.0000e+00 -9.6506e-02 2.6405e-01 1.5803e+02 1.0196e+02 5.9752e+03 1.3984e+15 2.2416e+14 1.0532e+13 1.0991e+12 2.3315e+10 1.2124e+31 2.0122e+30 4.8477e+27 -1.1230e+27 -9.0815e+24 3.3589e+29 1.1574e+27 -1.5800e+26 -1.3156e+24 4.7673e+26 5.0175e+25 4.6917e+23 5.6300e+24 5.3275e+22 5.4422e+20
1.7000e+01 -1.0000e+00 6.3172e-02 2.8187e-01 1.8394e+02 1.0935e+02 2.8487e+03 1.4553e+15 1.2939e+14 7.6596e+12 2.2182e+12 4.5333e+10 4.9961e+30 3.4072e+29 -3.2557e+27 -2.9209e+26 -3.7171e+24 2.6342e+28 -1.2109e+26 -1.9815e+25 -2.8522e+23 1.1660e+26 1.0333e+25 1.2936e+23 2.1039e+24 2.7073e+22 5.8249e+20
1.8000e+01 -1.0000e+00 -3.2842e-02 2.4126e-01 1.6630e+02 6.2712e+01 2.5683e+03 6.7780e+14 1.0479e+14 1.0360e+13 1.6398e+12 3.8584e+10 9.0466e+29 1.6188e+29 -3.4831e+27 -3.8790e+26 -4.2382e+24 3.3231e+28 -1.3021e+26 -6.3403e+25 -7.3575e+23 5.5743e+26 3.9979e+25 4.1392e+23 3.5069e+24 3.6788e+22 4.0797e+20
1.8000e+01 -1.0000e+00 6.9561e-02 3.2333e-01 2.6701e+02 6.5772e+01 2.1244e+03 1.8883e+15 2.3786e+14 9.4601e+12 1.9345e+12 4.0606e+10 1.6936e+30 1.9031e+29 -6.2474e+27 -5.6035e+26 -1.2496e+25 2.6164e+28 -3.6965e+26 -5.1086e+25 -1.0944e+24 2.2233e+26 1.8658e+25 2.9194e+23 2.4757e+24 3.6475e+22 7.0742e+20
1.8000e+01 -1.0000e+00 -7.9211e-02 2.5937e-01 2.9634e+02 1.2526e+02 7.8024e+03 4.6302e+15 6.1181e+14 1.2078e+13 4.7257e+11 1.9412e+10 3.7882e+31 5.4392e+30 9.8239e+28 -5.2865e+26 -1.2402e+24 7.9303e+29 1.4698e+28 -6.7103e+25 -3.2728e+23 3.1234e+26 1.5587e+24 1.6252e+22 3.4193e+23 5.0435e+21 1.2744e+20
1.8000e+01 -1.0000e+00 -7.8886e-02 2.4368e-01 2.1989e+02 8.8629e+01 2.2624e+03 1.7664e+15 1.6377e+14 3.9030e+12 6.3711e+11 2.5264e+10 1.3789e+30 1.1329e+29 -2.9458e+26 8.8372e+25 1.0654e+25 1.5795e+28 1.1405e+26 2.5522e+22 5.5765e+23 1.5623e+25 6.2090e+23 6.4351e+21 2.0923e+23 3.9982e+21 1.8865e+20
1.8000e+01 -1.0000e+00 -6.9751e-02 3.0622e-01 2.4012e+02 1.1128e+02 5.8512e+03 3.1502e+15 3.9066e+14 5.8652e+12 5.9085e+11 2.2155e+10 1.4402e+31 2.0887e+30 2.2785e+28 -1.5109e+26 5.0206e+24 3.8199e+29 4.5819e+27 -5.5560e+25 -1.6499e+23 7.4950e+25 9.6713e+23 1.1874e+22 3.1663e+23 5.1751e+21 1.3807e+20
1.8000e+01 -1.0000e+00 1.1865e-01 2.8536e-01 3.0608e+02 1.2884e+02 2.2716e+03 3.7115e+15 4.5822e+14 5.4991e+12 6.6644e+11 2.5842e+10 7.2318e+30 6.8124e+29 4.8250e+26 -2.7581e+26 8.6518e+24 8.6538e+28 1.1040e+26 -2.7252e+25 4.6025e+23 8.3804e+24 5.0948e+23 -2.7486e+20 2.2471e+23 4.5192e+21 1.8579e+20
1.9000e+01 -1.0000e+00 6.9742e-02 2.2354e-01 2.1407e+02 3.5141e+01 3.2747e+03 1.5687e+15 2.4313e+14 1.1304e+13 1.8231e+12 4.9566e+10 6.9943e+29 7.7638e+28 -1.5213e+26 -2.8969e+26 -4.1491e+24 1.7779e+28 -2.2011e+26 -3.9528e+25 -3.9954e+23 2.0187e+26 1.1357e+25 7.6188e+22 2.0478e+24 2.2451e+22 2.9355e+20
1.9000e+01 -1.0000e+00 9.4635e-02 3.1659e-01 2.1921e+02 1.2026e+02 2.2657e+03 2.3187e+15 2.2858e+14 3.2095e+12 4.8525e+11 2.0628e+10 6.4887e+30 4.9094e+29 -1.4898e+27 -3.2374e+26 6.7774e+24 5.1772e+28 -1.1455e+26 -3.0494e+25 4.4055e+23 7.3093e+24 9.1874e+23 3.2816e+21 1.5916e+23 1.5866e+21 8.8568e+19
1.9000e+01 -1.0000e+00 -8.5464e-02 2.4327e-01 1.5588e+02 4.8243e+01 3.8853e+03 6.3285e+14 8.0584e+13 1.1894e+13 1.2661e+12 5.4422e+10 1.5775e+30 1.0677e+29 -3.9582e+27 -3.5270e+26 -4.0326e+24 1.5568e+28 -3.3033e+26 -4.4435e+25 -4.2319e+23 3.7072e+26 9.7269e+24 1.8183e+22 1.0294e+24 1.0858e+22 1.6915e+20
1.9000e+01 -1.0000e+00 -1.0097e-01 2.8216e-01 2.4565e+02 1.0985e+02 5.8853e+03 2.9768e+15 5.1437e+14 7.6995e+12 5.7773e+11 2.1503e+10 1.2476e+31 2.4746e+30 4.0657e+28 -2.3200e+26 2.0139e+24 5.1909e+29 8.5207e+27 -5.6582e+25 2.3604e+23 1.6399e+26 4.7149e+23 6.7038e+21 3.3212e+23 4.5635e+21 1.2681e+20
1.9000e+01 -1.0000e+00 -1.0318e-01 2.7802e-01 2.4759e+02 8.7861e+01 2.2678e+03 2.4300e+15 2.3767e+14 4.7835e+12 7.4595e+11 2.5564e+10 7.5455e+30 3.3328e+29 -2.1379e+27 -3.9305e+26 1.7881e+24 3.7607e+28 1.6831e+26 -1.5080e+25 1.0002e+24 2.6447e+25 1.4457e+24 4.4880e+21 3.1303e+23 3.5875e+21 1.6794e+20
1.9000e+01 -1.0000e+00 2.6521e-02 2.9735e-01 1.2782e+02 4.6741e+01 1.8925e+03 5.4723e+14 8.5434e+13 1.7321e+13 1.3585e+12 1.8319e+10 7.6025e+29 1.3451e+29 -3.5007e+27 -3.1897e+26 -2.7047e+24 2.7049e+28 2.5755e+26 -7.9979e+24 -4.4652e+22 5.5949e+26 3.9699e+25 3.0623e+23 3.1279e+24 2.2888e+22 1.8173e+20
2.0000e+01 -1.0000e+00 -1.2088e-02 3.0307e-01 2.2064e+02 1.0831e+02 6.4106e+03 2.0717e+15 1.9715e+14 1.5431e+13 1.4136e+12 2.4049e+10 1.6273e+31 1.2292e+30 1.4386e+28 -1.6822e+27 -1.0279e+25 9.4144e+28 1.4322e+27 -1.1574e+26 -7.1555e+23 8.5787e+26 5.2020e+25 4.0883e+23 3.8425e+24 3.1578e+22 3.1393e+20
2.0000e+01 -1.0000e+00 7.3249e-02 2.8637e-01 1.2818e+02 3.6696e+01 1.9657e+03 2.0279e+14 6.6330e+13 3.0597e+13 1.6124e+12 1.7623e+10 3.3210e+28 -1.2231e+27 -1.4072e+27 -3.5124e+25 -4.7612e+23 1.7625e+27 8.5980e+26 4.1871e+25 3.5341e+23 1.0033e+27 6.0074e+25 4.9984e+23 4.2299e+24 3.4729e+22 2.9292e+20
2.0000e+01 -1.0000e+00 -7.8885e-03 2.3933e-01 1.5873e+02 7.6221e+01 3.9569e+03 1.0041e+15 1.1957e+14 8.2600e+12 2.1069e+12 3.9299e+10 3.3019e+30 5.1241e+29 -1.3931e+27 -2.0498e+26 4.0534e+23 8.5909e+28 1.1368e+26 -6.0729e+25 -3.8219e+23 2.2299e+26 1.7677e+25 1.8708e+23 2.4302e+24 2.6735e+22 4.3296e+20
2.0000e+01 -1.0000e+00 -1.4908e-01 2.2856e-01 1.7903e+02 6.5448e+01 2.5236e+03 1.7581e+15 1.6912e+14 6.6125e+12 8.4860e+11 4.0864e+10 2.3618e+30 1.4335e+29 -5.7101e+27 -4.4343e+26 5.2078e+24 2.5934e+28 -2.3489e+26 -3.0581e+25 3.0177e+23 1.1777e+26 1.0466e+25 3.0970e+22 1.0881e+24 7.9491e+21 2.3607e+20
2.0000e+01 -1.0000e+00 -3.7516e-02 2.5037e-01 1.8134e+02 9.0208e+01 2.7408e+03 1.5056e+15 1.7121e+14 1.2877e+13 1.1982e+12 2.7250e+10 2.3952e+30 4.2285e+29 -2.1186e+27 -6.2922e+26 -5.6754e+24 8.7572e+28 1.1140e+25 -9.5808e+25 -8.1532e+23 8.1622e+26 6.5693e+25 8.4666e+23 5.5029e+24 6.9709e+22 9.4638e+20
2.0000e+01 -1.0000e+00 3.6353e-02 3.0779e-01 1.3841e+02 4.6098e+01 1.8997e+03 6.3055e+14 6.9166e+13 7.0510e+12 2.1830e+12 3.8491e+10 1.0131e+30 7.2960e+28 -2.2454e+27 -3.3017e+26 -3.7362e+24 7.4518e+27 -1.3297e+26 -2.9754e+25 -2.6995e+23 1.4994e+26 1.4912e+25 3.9193e+22 2.8831e+24 2.3588e+22 3.7454e+20
2.1000e+01 -1.0000e+00 -5.2172e-02 2.6840e-01 1.8563e+02 6.0145e+01 1.8703e+03 2.3625e+15 2.2102e+14 5.2117e+12 7.2330e+11 2.4786e+10 6.6401e+30 2.6830e+29 -2.9509e+27 -4.1395e+26 2.0179e+24 2.4497e+28 6.9729e+25 -1.8849e+25 6.9443e+23 3.0898e+25 2.0567e+24 5.9801e+21 3.7989e+23 3.7265e+21 1.5856e+20
2.1000e+01 -1.0000e+00 2.5672e-02 3.0381e-01 2.5525e+02 1.1283e+02 5.3853e+03 3.4132e+15 5.5425e+14 1.3716e+13 1.0067e+12 2.5872e+10 1.1762e+31 2.5651e+30 1.4357e+28 -1.5416e+27 -7.8802e+24 7.9757e+29 9.0205e+27 -2.6327e+26 -1.7214e+24 5.9119e+26 3.9269e+25 3.8681e+23 3.9071e+24 3.8496e+22 4.5269e+20
2.1000e+01 -1.0000e+00 1.0649e-01 2.8025e-01 1.9912e+02 3.3302e+01 3.4769e+03 1.3744e+15 1.3732e+14 9.6516e+12 1.9178e+12 4.9964e+10 4.6202e+29 3.3065e+28 -1.5519e+27 -2.5314e+26 -2.8973e+24 4.4461e+27 -6.4169e+25 -2.4424e+25 -2.5496e+23 2.1987e+26 1.2858e+25 8.1497e+22 2.3635e+24 2.5018e+22 3.1700e+20
2.1000e+01 -1.0000e+00 -2.1124e-03 2.8873e-01 1.8736e+02 6.2231e+01 1.7503e+03 1.9119e+15 2.5232e+14 6.9811e+12 8.5876e+11 2.5486e+10 2.0463e+30 3.2905e+29 2.2121e+27 7.0784e+25 1.0884e+25 5.7316e+28 3.4367e+26 -1.8398e+24 1.6559e+24 9.4662e+25 8.0077e+24 4.5953e+22 9.5365e+23 6.2854e+21 1.5358e+20
2.1000e+01 -1.0000e+00 -1.3615e-01 2.4958e-01 2.4567e+02 7.2336e+01 7.2831e+03 1.4520e+15 2.2188e+14 3.7939e+13 3.4199e+12 5.3691e+10 2.0250e+30 2.2551e+29 -3.8480e+27 -5.6413e+26 4.0496e+23 4.9077e+28 -1.6516e+26 -9.5567e+25 -4.6499e+23 2.1837e+26 1.5886e+25 5.2256e+22 2.1856e+24 1.4959e+22 1.6199e+20
2.1000e+01 -1.0000e+00 5.7723e-02 2.6879e-01 2.2128e+02 7.1206e+01 2.5631e+03 2.3678e+15 4.4602e+14 6.6618e+12 5.0887e+11 2.1957e+10 3.0488e+30 6.5545e+29 4.4281e+27 -1.8423e+26 2.4028e+24 1.8810e+29 1.7018e+27 -5.0471e+25 -2.0392e+23 6.3376e+25 1.5980e+24 5.6341e+21 3.3777e+23 4.3452e+21 1.4612e+20
2.2000e+01 -1.0000e+00 -1.0188e-01 1.9458e-01 1.6451e+02 4.7101e+01 1.5818e+03 1.1489e+15 2.1654e+14 4.5443e+12 5.8903e+11 2.4112e+10 1.1795e+30 1.5884e+29 -1.9556e+27 -2.5853e+26 6.9632e+23 4.4961e+28 -1.7920e+26 -4.2199e+25 -2.2227e+23 2.6271e+25 2.9890e+24 1.6998e+22 3.7881e+23 3.1172e+21 1.0918e+20
2.2000e+01 -1.0000e+00 -4.9200e-02 2.5787e-01 2.3936e+02 1.1518e+02 3.4995e+03 2.7972e+15 6.4397e+14 1.3273e+13 9.9038e+11 2.3442e+10 9.9348e+30 2.8971e+30 2.3049e+28 -9.1426e+26 2.4346e+23 9.8627e+29 1.0023e+28 -2.8540e+26 -4.3974e+23 4.8770e+26 2.5784e+25 1.7912e+23 2.4885e+24 1.8790e+22 2.4084e+20
2.2000e+01 -1.0000e+00 8.3600e-02 2.4901e-01 1.3743e+02 3.6604e+01 2.1423e+03 2.7711e+14 8.3958e+13 3.3436e+13 1.7402e+12 1.7321e+10 6.8196e+28 1.6499e+27 -2.2741e+27 -8.6495e+25 -1.1950e+24 2.9303e+27 8.6923e+26 3.8261e+25 2.9565e+23 1.1027e+27 6.8682e+25 5.3278e+23 5.1951e+24 3.8113e+22 3.0006e+20
2.2000e+01 -1.0000e+00 -2.2100e-01 1.7483e-01 1.7995e+02 1.0512e+02 3.8804e+03 1.4626e+15 2.3531e+14 7.9292e+12 5.8765e+11 1.9697e+10 2.7797e+30 8.1242e+29 1.0821e+28 -2.6604e+26 -3.1568e+24 2.7792e+29 4.2716e+27 -7.1485e+25 -9.3655e+23 1.9617e+26 9.5702e+24 1.4037e+23 9.4073e+23 1.4013e+22 2.3399e+20
2.2000e+01 -1.0000e+00 -5.4352e-02 2.9305e-01 2.8030e+02 1.3540e+02 3.8238e+03 3.6176e+15 4.9523e+14 8.2957e+12 6.8549e+11 2.0362e+10 8.8923e+30 1.5191e+30 3.9108e+27 -7.6254e+26 -3.6510e+24 4.1033e+29 2.6578e+27 -1.2814e+26 -9.0108e+23 1.3280e+26 1.0189e+25 4.8005e+22 1.1706e+24 7.6933e+21 1.2277e+20
2.2000e+01 -1.0000e+00 -2.7808e-02 2.5773e-01 2.7231e+02 1.1498e+02 7.9223e+03 3.5056e+15 4.7668e+14 1.1060e+13 9.2488e+11 2.7069e+10 2.1580e+31 2.4912e+30 2.2943e+28 -7.1395e+26 -3.0359e+24 2.9867e+29 2.9717e+27 -8.3595e+25 -2.3266e+23 1.6927e+26 1.1799e+25 1.5788e+23 1.4432e+24 2.0872e+22 3.7250e+20
2.3000e+01 -1.0000e+00 -4.3234e-02 3.2280e-01 2.1656e+02 5.9270e+01 2.4402e+03 1.1774e+15 1.1949e+14 2.3232e+13 1.5368e+12 1.7657e+10 8.6109e+29 3.7163e+28 -7.0890e+27 -6.2476e+26 -4.8426e+24 4.1480e+27 5.9044e+25 -4.9201e+24 -4.2818e+21 6.6153e+26 5.0877e+25 3.9095e+23 4.3023e+24 3.1273e+22 2.4831e+20
2.3000e+01 -1.0000e+00 1.2791e-02 2.7411e-01 1.3535e+02 5.3568e+01 1.8788e+03 6.6816e+14 9.5145e+13 2.3470e+13 1.5654e+12 2.1726e+10 2.1471e+30 2.3877e+29 -5.0862e+27 -5.5944e+26 -3.2560e+24 2.7511e+28 7.3225e+25 -2.4962e+25 -1.2321e+23 9.4607e+26 6.1204e+25 3.8986e+23 4.3098e+24 2.6609e+22 1.7847e+20
2.3000e+01 -1.0000e+00 -8.1735e-02 2.2900e-01 1.9054e+02 8.4930e+01 1.8803e+03 1.4414e+15 1.1447e+14 7.2774e+12 1.8729e+12 3.3320e+10 2.6335e+30 1.3153e+29 -4.7731e+27 -4.8314e+26 -4.7417e+24 7.9507e+27 -2.0551e+26 -1.4063e+25 -2.8804e+22 1.3915e+26 1.2354e+25 8.1453e+22 2.1027e+24 1.9561e+22 2.6901e+20
2.3000e+01 -1.0000e+00 -7.0519e-02 2.5628e-01 2.1783e+02 9.9769e+01 1.8806e+03 7.4350e+14 4.2979e+13 1.7890e+13 1.2522e+12 2.0280e+10 4.7585e+29 2.8847e+27 -6.0473e+27 -3.4066e+26 -3.1963e+24 7.3703e+26 1.5984e+26 6.2204e+24 4.5306e+22 8.9228e+26 5.3521e+25 4.1641e+23 3.2699e+24 2.4822e+22 2.1147e+20
2.3000e+01 -1.0000e+00 1.4211e-02 2.7117e-01 1.3920e+02 6.9434e+01 1.5443e+03 6.6910e+14 8.3818e+13 1.3182e+13 1.1498e+12 2.6573e+10 1.2388e+30 1.4720e+29 -4.1447e+27 -4.3722e+26 -2.6747e+24 3.0563e+28 2.6084e+26 -1.0199e+25 -4.8180e+22 5.0598e+26 3.2811e+25 2.0603e+23 2.3183e+24 1.3991e+22 9.7797e+19
2.3000e+01 -1.0000e+00 8.5685e-02 3.1337e-01 1.7352e+02 7.5784e+01 2.1546e+03 1.1272e+15 1.1141e+14 1.3355e+13 1.5027e+12 2.6797e+10 2.1718e+30 1.9385e+29 -9.4831e+27 -6.8511e+26 -1.4134e+24 2.0450e+28 -5.2120e+26 -6.5025e+25 -2.8657e+23 1.0206e+27 6.8667e+25 5.8398e+23 4.9400e+24 4.3983e+22 4.6939e+20
2.4000e+01 -1.0000e+00 7.5127e-02 3.0674e-01 1.8084e+02 6.9135e+01 1.4863e+03 1.5190e+15 2.0734e+14 4.5362e+12 5.6664e+11 2.3559e+10 1.6359e+30 1.7829e+29 5.5930e+26 8.4398e+25 5.1484e+24 3.9219e+28 4.1821e+26 -1.8617e+25 -2.4914e+23 2.3786e+25 6.3144e+23 -3.8475e+21 2.4231e+23 4.7210e+21 1.5938e+20
2.4000e+01 -1.0000e+00 -7.7039e-03 3.1501e-01 3.0774e+02 8.5612e+01 4.1987e+03 3.1397e+15 5.6450e+14 1.1169e+13 9.0670e+11 9.8747e+10 2.1027e+30 2.9791e+29 2.2356e+27 3.0271e+24 2.3878e+24 5.4317e+28 6.0075e+26 -2.6311e+25 -4.3268e+21 2.3479e+25 8.0706e+23 1.5459e+22 3.7323e+23 6.4922e+21 1.4660e+20
2.4000e+01 -1.0000e+00 -1.8993e-02 2.9879e-01 2.8279e+02 1.1874e+02 4.6898e+03 3.3173e+15 8.8801e+14 1.3459e+13 9.2838e+11 2.4853e+10 1.1456e+31 3.7823e+30 2.4866e+28 -4.3650e+26 6.1811e+24 1.3812e+30 9.7956e+27 -8.4493e+25 2.1580e+24 2.9763e+26 2.2623e+25 1.2943e+23 2.5988e+24 1.7014e+22 2.2927e+20
2.4000e+01 -1.0000e+00 -8.9824e-03 2.6569e-01 2.2166e+02 1.0310e+02 1.9779e+03 2.3171e+15 2.6957e+14 2.7347e+12 4.9247e+11 2.5038e+10 9.7969e+30 1.3109e+30 2.4712e+27 -2.9605e+26 7.4445e+24 2.1354e+29 4.6178e+26 -4.8675e+25 2.0523e+23 4.6762e+24 1.5394e+23 -1.2358e+21 1.3747e+23 3.4580e+21 1.6857e+20
2.4000e+01 -1.0000e+00 3.7793e-02 2.9601e-01 2.3739e+02 9.6047e+01 2.3347e+03 2.3607e+15 2.8339e+14 8.5230e+12 1.9544e+12 3.4360e+10 5.8590e+30 7.1292e+29 -7.5059e+26 -8.0666e+26 7.4451e+24 9.0423e+28 4.9667e+25 -9.0608e+25 8.7120e+23 1.3287e+26 2.0098e+25 1.0372e+23 3.8616e+24 2.5234e+22 3.2425e+20
2.4000e+01 -1.0000e+00 2.9195e-02 2.5281e-01 2.4601e+02 8.3518e+01 2.3103e+03 2.2942e+15 2.3238e+14 4.7732e+12 7.6960e+11 2.5791e+10 6.0749e+30 2.9852e+29 -1.8217e+27 -3.8450e+26 2.8593e+24 3.4841e+28 1.5092e+26 -1.4605e+25 1.0413e+24 2.5201e+25 1.5126e+24 3.7641e+21 3.5300e+23 3.7488e+21 1.7504e+20
2.5000e+01 -1.0000e+00 1.4820e-03 3.0025e-01 1.7852e+02 4.7180e+01 2.1723e+03 1.6709e+15 2.3081e+14 3.4590e+12 5.4418e+11 2.4687e+10 8.6608e+29 1.1500e+29 -4.1650e+26 -1.1195e+26 7.4360e+23 4.1739e+28 -1.3099e+25 -2.2261e+25 -9.0908e+22 1.3027e+25 9.9489e+23 5.9125e+20 1.6772e+23 2.7798e+21 1.2549e+20
2.5000e+01 -1.0000e+00 2.6670e-02 3.0540e-01 2.0455e+02 4.8111e+01 1.9171e+03 8.7715e+14 1.8803e+14 2.2120e+13 1.4768e+12 1.6416e+10 1.0265e+30 2.1580e+29 -5.7768e+27 -4.3221e+26 -2.7134e+24 4.7614e+28 -3.1456e+26 -4.5410e+25 -2.3731e+23 1.5007e+27 8.3688e+25 5.1483e+23 4.8407e+24 2.9346e+22 1.9948e+20
2.5000e+01 -1.0000e+00 7.8747e-02 2.6951e-01 2.3333e+02 9.7817e+01 3.7820e+03 3.0353e+15 4.9982e+14 1.3876e+13 1.1241e+12 2.4290e+10 7.4756e+30 1.4452e+30 2.0027e+26 -1.4884e+27 -4.2215e+24 3.2156e+29 2.1578e+27 -2.7195e+26 -6.5720e+23 6.1253e+26 3.6149e+25 2.6845e+23 2.9533e+24 2.2835e+22 2.8870e+20
2.5000e+01 -1.0000e+00 -4.0399e-02 2.6558e-01 2.2129e+02 1.0281e+02 6.3540e+03 2.1506e+15 1.9761e+14 1.6483e+13 1.5736e+12 2.5208e+10 1.8248e+31 1.3226e+30 1.7800e+28 -1.8058e+27 -1.2146e+25 9.7034e+28 1.5630e+27 -1.2573e+26 -8.3306e+23 9.5201e+26 5.5500e+25 4.4349e+23 4.0983e+24 3.4260e+22 3.3129e+20
2.5000e+01 -1.0000e+00 6.5045e-02 2.5558e-01 1.7534e+02 5.3656e+01 4.7104e+03 7.6819e+14 1.0382e+14 1.5275e+13 1.6068e+12 3.8286e+10 1.1415e+30 1.2390e+29 -4.4688e+27 -5.0105e+26 -2.6367e+24 3.5953e+28 -2.9838e+26 -7.8382e+25 -4.1146e+23 7.1172e+26 5.7459e+25 2.2719e+23 5.1629e+24 2.0356e+22 9.9143e+19
2.5000e+01 -1.0000e+00 -1.4740e-02 3.0608e-01 1.7050e+02 4.6931e+01 1.5535e+03 1.2638e+15 2.3508e+14 5.1358e+12 6.5335e+11 2.5347e+10 1.4542e+30 1.9662e+29 -2.4920e+27 -3.6314e+26 -8.1852e+23 4.9462e+28 -2.6056e+26 -5.7246e+25 -4.2135e+23 3.8409e+25 4.6779e+24 3.8264e+22 6.0984e+23 5.9812e+21 1.4897e+20
2.6000e+01 -1.0000e+00 1.0479e-01 2.2150e-01 1.8983e+02 8.4735e+01 1.8099e+03 2.2125e+15 2.5089e+14 6.4800e+12 1.0775e+12 2.5563e+10 7.8177e+30 7.6988e+29 3.4888e+27 -1.8686e+26 1.0493e+25 8.7296e+28 5.1611e+26 1.0949e+24 1.5382e+24 7.6422e+25 1.0478e+25 2.6892e+22 1.7174e+24 7.1756e+21 1.6663e+20
2.6000e+01 -1.0000e+00 -6.2198e-02 2.9443e-01 2.0045e+02 1.1576e+02 2.5435e+03 2.2516e+15 1.9101e+14 2.8792e+12 5.2382e+11 2.5574e+10 1.3906e+31 9.9287e+29 5.1899e+27 -1.3283e+26 1.2700e+25 8.6824e+28 3.9994e+26 -2.4029e+25 2.4050e+23 5.3631e+24 7.6632e+22 -1.1976e+21 1.4247e+23 3.8555e+21 1.8529e+20
2.6000e+01 -1.0000e+00 -4.3074e-02 2.8660e-01 1.6270e+02 6.4989e+01 2.7979e+03 1.4124e+15 2.0212e+14 4.2404e+12 5.6730e+11 2.2997e+10 2.6093e+30 2.9882e+29 -6.1898e+25 -2.0016e+26 3.9656e+24 5.2545e+28 5.0081e+23 -3.2781e+25 4.0420e+22 2.1975e+25 2.3908e+24 1.4745e+22 3.2292e+23 3.2366e+21 1.0804e+20
2.6000e+01 -1.0000e+00 1.6764e-01 2.1942e-01 2.0750e+02 6.7999e+01 1.8230e+03 1.9966e+15 2.6473e+14 7.7234e+12 1.7434e+12 3.5257e+10 3.2764e+30 4.9017e+29 -2.6468e+27 -5.6497e+26 2.8574e+24 9.4997e+28 -1.6193e+26 -1.1473e+26 -4.1141e+22 1.3240e+26 1.8717e+25 1.0634e+23 3.2802e+24 2.4081e+22 3.4782e+20
2.6000e+01 -1.0000e+00 -2.2578e-02 2.8498e-01 4.5197e+03 1.1129e+03 1.0387e+05 1.3652e+18 1.8380e+17 3.4620e+15 1.0960e+13 1.6529e+11 2.4379e+35 2.5267e+34 5.3120e+32 1.1656e+30 2.0033e+28 7.4209e+33 1.5825e+32 6.2035e+29 7.5528e+27 3.4543e+30 1.3715e+28 1.7075e+26 6.2965e+25 8.0679e+23 1.1841e+22
2.6000e+01 -1.0000e+00 -1.6672e-02 2.3441e-01 2.3075e+02 6.4083e+01 2.0167e+03 2.3938e+15 3.1554e+14 1.3148e+13 1.1121e+12 2.4116e+10 3.5438e+30 2.8158e+29 -9.8969e+27 -1.0216e+27 -1.0381e+23 3.2787e+28 -4.3416e+26 -7.8406e+25 -6.8249e+22 5.3863e+26 4.5034e+25 2.9440e+23 3.9619e+24 2.6934e+22 3.0082e+20
2.7000e+01 -1.0000e+00 3.8927e-02 3.3102e-01 2.7452e+02 1.6748e+02 3.5251e+03 2.8186e+15 5.4299e+14 1.5700e+13 1.1272e+12 2.4899e+10 8.1274e+30 8.8723e+29 -9.1662e+27 -1.4066e+27 -4.9696e+24 2.3108e+29 4.0148e+26 -2.7132e+26 -5.1184e+23 6.5121e+26 4.2977e+25 3.5620e+23 3.5309e+24 2.9615e+22 3.6248e+20
2.7000e+01 -1.0000e+00 1.6692e-02 2.5978e-01 1.6987e+02 7.3636e+01 3.2489e+03 1.3592e+15 1.9340e+14 5.4426e+12 5.4587e+11 2.1784e+10 1.1993e+30 1.7860e+29 2.6978e+27 -1.2018e+26 -2.2176e+24 7.9845e+28 1.9312e+27 -3.7871e+25 -7.0067e+23 6.3253e+25 4.4129e+23 -4.3064e+21 2.7170e+23 4.5187e+21 1.2407e+20
2.7000e+01 -1.0000e+00 9.4472e-02 2.9462e-01 1.5414e+02 5.5565e+01 1.9206e+03 1.3667e+15 2.1827e+14 4.7711e+12 5.8492e+11 2.1523e+10 2.0492e+30 2.0248e+29 -2.0005e+27 -2.8042e+26 2.1747e+24 4.4179e+28 -2.5441e+26 -4.9186e+25 -1.1043e+23 4.7677e+25 5.6347e+24 4.4951e+22 6.9393e+23 5.9290e+21 1.1070e+20
2.7000e+01 -1.0000e+00 8.5602e-02 2.2384e-01 1.3067e+02 4.3706e+01 2.1319e+03 5.0597e+14 4.8417e+13 8.3137e+12 2.2405e+12 4.2350e+10 4.0806e+29 2.9331e+28 -2.2564e+27 -2.8282e+26 -4.1856e+24 4.3836e+27 1.7989e+25 -2.6073e+25 -4.0942e+23 1.7441e+26 1.1015e+25 8.9083e+22 2.0493e+24 2.1588e+22 5.8902e+20
2.7000e+01 -1.0000e+00 -2.3383e-02 2.9724e-01 1.6575e+02 5.4684e+01 2.3158e+03 1.0534e+15 1.0343e+14 4.6408e+12 1.1091e+12 2.9914e+10 7.1003e+29 6.1339e+28 -1.5858e+27 -3.6465e+26 -9.6137e+23 6.7101e+27 -9.2029e+25 -3.1080e+25 -2.1907e+23 3.1158e+25 5.7724e+24 1.1481e+22 1.3246e+24 7.2700e+21 2.2596e+20
2.7000e+01 -1.0000e+00 -5.4779e-03 2.5791e-01 1.9761e+02 7.4873e+01 1.8943e+03 1.6941e+15 2.9337e+14 5.8750e+12 6.5430e+11 2.3029e+10 2.2013e+30 3.2671e+29 2.4334e+27 -8.7413e+25 4.0497e+24 5.7850e+28 5.7056e+26 -1.9321e+25 5.4805e+23 5.6178e+25 2.9738e+24 2.5294e+22 4.6579e+23 5.9771e+21 1.4171e+20
2.8000e+01 -1.0000e+00 -1.7579e-01 2.1621e-01 2.2403e+02 7.0656e+01 2.3772e+03 2.5752e+15 2.3299e+14 4.7521e+12 8.1921e+11 2.4997e+10 2.9246e+30 2.1040e+29 -2.3846e+27 -4.8297e+26 1.8563e+24 2.4996e+28 -6.5795e+25 -3.1239e+25 3.1794e+23 2.8508e+25 4.2868e+24 1.4447e+22 8.4344e+23 5.8019e+21 1.7089e+20
2.8000e+01 -1.0000e+00 9.0377e-02 2.7535e-01 1.2827e+02 3.6391e+01 1.9638e+03 2.1333e+14 6.7253e+13 3.0684e+13 1.5913e+12 1.7594e+10 3.2467e+28 -1.3506e+27 -1.4722e+27 -4.3796e+25 -5.5972e+23 1.7655e+27 8.5993e+26 4.1311e+25 3.4291e+23 9.9251e+26 5.8916e+25 4.8681e+23 4.1104e+24 3.3591e+22 2.8277e+20
2.8000e+01 -1.0000e+00 -1.2807e-01 2.8274e-01 1.5628e+02 3.8373e+01 2.4716e+03 1.1020e+15 1.5728e+14 6.3423e+12 7.6847e+11 3.4582e+10 5.3818e+29 5.3150e+28 2.1851e+27 2.0972e+26 4.8228e+24 1.3060e+28 3.5220e+26 3.0695e+25 6.3383e+23 9.7969e+25 8.7373e+24 2.1054e+22 8.8175e+23 5.6321e+21 2.1477e+20
2.8000e+01 -1.0000e+00 -1.0410e-02 2.9669e-01 1.9671e+02 7.6062e+01 2.5718e+03 1.7393e+15 2.6312e+14 8.8959e+12 8.7052e+11 2.2948e+10 2.0932e+30 3.7510e+29 -1.3850e+27 -5.0636e+26 -3.8518e+24 9.1290e+28 4.3859e+26 -9.9440e+25 -1.0697e+24 1.9014e+26 1.5700e+25 9.5575e+22 1.6981e+24 1.3544e+22 1.9682e+20
2.8000e+01 -1.0000e+00 -1.3645e-01 2.4491e-01 2.5759e+02 8.2450e+01 5.5906e+03 2.9104e+15 5.1717e+14 3.5209e+13 5.2432e+11 2.3788e+10 1.0911e+31 1.0572e+30 1.3563e+27 -3.0433e+26 1.0043e+25 1.3885e+29 3.4398e+26 -3.7599e+25 3.8098e+23 3.6926e+24 2.7066e+22 -3.6925e+21 1.2880e+23 3.1838e+21 1.5510e+20
2.8000e+01 -1.0000e+00 6.3058e-02 3.0829e-01 1.3910e+02 5.1434e+01 1.7136e+03 4.7785e+14 6.6593e+13 1.4210e+13 1.2945e+12 4.0192e+10 7.1067e+29 1.1816e+29 -4.4553e+27 -3.5699e+26 -3.9943e+24 2.1164e+28 -2.7993e+25 -1.8003e+25 -2.5096e+23 8.4912e+26 5.6656e+25 5.4735e+23 4.0319e+24 3.8340e+22 3.8354e+20
2.9000e+01 -1.0000e+00 -7.0820e-02 3.2436e-01 2.3638e+02 5.8248e+01 7.2668e+03 1.3088e+15 2.1564e+14 3.9538e+13 3.2833e+12 4.9582e+10 1.9383e+30 2.6359e+29 -4.2234e+27 -5.5047e+26 -2.0552e+24 5.0315e+28 -2.3065e+26 -9.2312e+25 -6.0247e+23 3.3735e+26 2.2746e+25 1.3699e+23 2.2136e+24 1.5803e+22 1.4126e+20
2.9000e+01 -1.0000e+00 1.3590e-01 2.7229e-01 1.1855e+02 3.2577e+01 2.0645e+03 2.2719e+14 5.2786e+13 2.1891e+13 1.3771e+12 1.5303e+10 4.5376e+28 1.8786e+26 -1.5183e+27 -5.8848e+25 -5.5363e+23 9.8936e+26 4.2363e+26 2.0235e+25 1.4551e+23 6.9997e+26 4.1834e+25 2.9974e+23 2.8856e+24 2.0082e+22 1.4438e+20
2.9000e+01 -1.0000e+00 9.4779e-02 2.7337e-01 1.7424e+02 5.4042e+01 6.3619e+03 1.0685e+15 1.1008e+14 4.8447e+12 7.1375e+11 3.8732e+10 8.7808e+29 3.3677e+28 -1.9198e+27 -1.0684e+26 4.2004e+24 8.8815e+27 3.2698e+25 -1.8451e+24 1.3698e+23 5.6528e+25 4.8852e+24 1.0602e+22 5.6043e+23 5.3507e+21 2.1074e+20
2.9000e+01 -1.0000e+00 -1.0491e-01 2.7992e-01 2.4209e+02 1.1221e+02 2.6550e+03 2.8245e+15 2.9968e+14 4.0336e+12 5.7003e+11 3.0348e+10 1.1368e+31 8.1125e+29 1.8206e+27 -1.4677e+26 1.6847e+25 6.8550e+28 9.3575e+25 -8.2842e+24 1.5715e+24 1.1935e+25 1.0285e+24 7.8609e+21 1.9531e+23 2.9607e+21 1.3264e+20
2.9000e+01 -1.0000e+00 -1.4743e-01 2.3981e-01 2.2575e+02 5.8967e+01 2.1045e+03 2.6815e+15 2.7075e+14 7.4979e+12 1.3770e+12 2.8879e+10 2.6053e+30 2.3632e+29 -3.6871e+27 -6.1531e+26 -1.0765e+22 2.6231e+28 -1.9706e+26 -3.8837e+25 4.2507e+23 8.0731e+25 1.1975e+25 3.8991e+22 2.1111e+24 1.0564e+22 1.5419e+20
2.9000e+01 -1.0000e+00 1.7911e-02 3.2817e-01 2.1307e+02 9.8368e+01 3.8106e+03 1.7924e+15 3.3891e+14 7.1114e+12 5.6556e+11 2.3536e+10 1.8059e+30 4.7574e+29 7.4140e+27 -9.8296e+25 -3.3349e+23 1.8012e+29 3.7159e+27 -3.8649e+25 -3.2271e+23 1.2071e+26 1.8469e+24 2.3611e+22 3.6056e+23 6.3417e+21 1.7639e+20
3.0000e+01 -1.0000e+00 1.3960e-01 3.1712e-01 1.8052e+02 2.0256e+02 2.6885e+03 1.1987e+15 7.3351e+13 1.0244e+13 1.0594e+12 1.9809e+10 5.3001e+30 1.1684e+29 -5.7378e+27 -7.0604e+26 -7.4974e+24 1.8676e+28 1.0248e+26 -1.8385e+25 -1.3444e+23 5.7640e+26 5.5178e+25 4.7499e+23 5.3945e+24 4.6663e+22 4.3058e+20
3.0000e+01 -1.0000e+00 3.9857e-02 2.8446e-01 2.3478e+02 9.1987e+01 2.8748e+03 2.2342e+15 2.4561e+14 8.3097e+12 2.2458e+12 4.0721e+10 5.2247e+30 4.0498e+29 -6.6426e+27 -9.1989e+26 -7.2431e+24 3.7279e+28 -3.9773e+26 -5.9199e+25 -4.5451e+23 1.2917e+26 1.5215e+25 1.1972e+23 2.9813e+24 2.9670e+22 4.4676e+20
3.0000e+01 -1.0000e+00 -1.9432e-01 2.6261e-01 1.5383e+02 7.5473e+01 1.6272e+03 3.5258e+14 3.7195e+13 1.8328e+13 1.2647e+12 2.0610e+10 1.4286e+29 1.7288e+27 -4.0600e+27 -1.7894e+26 -2.0459e+24 1.4407e+27 2.4731e+26 7.8038e+24 1.0242e+23 1.4601e+27 7.3177e+25 7.5884e+23 3.7537e+24 3.8008e+22 4.0575e+20
3.0000e+01 -1.0000e+00 4.3706e-02 2.4796e-01 3.0803e+03 2.5141e+03 1.4121e+05 2.5216e+17 2.7618e+17 4.7623e+15 1.7338e+13 1.4578e+11 7.2500e+34 8.4462e+34 1.5317e+33 5.1570e+30 4.4517e+27 1.0052e+35 1.8318e+33 6.3338e+30 5.6983e+27 3.3993e+31 1.1862e+29 1.0893e+26 4.2907e+26 4.1428e+23 5.3099e+20
3.0000e+01 -1.0000e+00 -4.7293e-03 3.3259e-01 1.7022e+02 7.1602e+01 2.4554e+03 1.2340e+15 1.2747e+14 9.3616e+12 1.8789e+12 3.1134e+10 3.2772e+30 2.1644e+29 -6.1327e+27 -7.2176e+26 -1.0333e+25 2.6676e+28 -4.6164e+26 -1.0207e+26 -1.3232e+24 2.7736e+26 2.1221e+25 2.3791e+23 2.5269e+24 2.6847e+22 3.6958e+20
3.0000e+01 -1.0000e+00 5.2940e-02 2.6649e-01 2.1195e+02 8.2867e+01 4.3384e+03 9.4696e+14 1.2320e+14 1.5412e+13 1.4610e+12 7.8053e+10 1.4132e+30 1.1794e+29 -5.9012e+27 -5.5498e+26 -4.6576e+24 2.7423e+28 -5.0425e+26 -8.3854e+25 -5.7017e+23 8.3187e+26 5.4647e+25 3.0760e+23 4.0246e+24 2.4197e+22 1.7967e+20
3.1000e+01 -1.0000e+00 -2.3583e-02 2.4744e-01 1.5687e+02 8.0392e+01 2.9612e+03 7.2340e+14 7.6613e+13 5.1550e+12 5.5550e+11 1.8586e+10 5.7611e+29 7.2766e+28 -9.0112e+26 -1.6431e+26 -1.0282e+24 1.7490e+28 1.4749e+26 -1.3764e+25 -1.1307e+23 7.5040e+25 6.3177e+24 8.3486e+22 6.4347e+23 8.8715e+21 1.4800e+20
3.1000e+01 -1.0000e+00 -4.9996e-02 2.8335e-01 2.2458e+02 9.8345e+01 2.0901e+03 1.3040e+15 1.0738e+14 6.0059e+12 1.7509e+12 3.4780e+10 1.2520e+30 8.0671e+28 -2.7009e+27 -3.4805e+26 -3.2499e+24 6.9460e+27 -1.2134e+26 -2.8319e+25 -2.8671e+23 6.6404e+25 6.6896e+24 4.3272e+22 1.5484e+24 1.7395e+22 2.9908e+20
3.1000e+01 -1.0000e+00 8.8289e-02 2.4596e-01 1.5577e+02 5.4235e+01 4.8017e+03 9.0240e+14 1.1120e+14 1.5285e+13 1.6200e+12 5.2068e+10 1.4240e+30 1.8104e+29 -3.9052e+27 -5.0229e+26 -2.7927e+24 4.1994e+28 -2.7932e+26 -8.8091e+25 -4.6555e+23 6.7061e+26 5.4762e+25 2.2539e+23 5.0212e+24 2.0449e+22 1.0239e+20
3.1000e+01 -1.0000e+00 -9.4672e-02 2.7969e-01 2.1970e+02 9.2229e+01 2.4124e+03 1.5357e+15 1.8879e+14 3.4068e+12 6.8362e+11 2.6762e+10 2.9559e+30 1.6097e+29 -9.5314e+26 -3.4598e+26 -4.8577e+24 2.4925e+28 -6.5175e+25 -2.5634e+25 -1.0773e+23 6.4316e+24 6.9993e+23 -1.9400e+21 2.5103e+23 4.1000e+21 1.7521e+20
3.1000e+01 -1.0000e+00 -4.3789e-02 2.4656e-01 1.8504e+02 9.7790e+01 2.8173e+03 1.3496e+15 8.7084e+13 1.5538e+13 1.2794e+12 2.8921e+10 5.1477e+30 2.5693e+29 -9.4020e+27 -1.0143e+27 -6.9202e+24 1.8033e+28 1.8635e+26 -1.8015e+25 -1.0561e+23 6.8605e+26 3.9599e+25 2.6729e+23 2.4977e+24 1.6303e+22 1.2202e+20
3.1000e+01 -1.0000e+00 -3.2835e-02 3.6369e-01 2.5223e+02 1.0419e+02 3.7518e+03 2.3321e+15 3.7987e+14 1.0744e+13 9.0165e+11 2.4421e+10 7.6029e+30 1.2411e+30 1.0927e+28 -4.9495e+26 -8.9100e+23 2.1773e+29 2.1374e+27 -7.8314e+25 -1.2094e+23 2.9152e+26 2.4448e+25 2.0929e+23 2.5176e+24 2.3893e+22 3.1588e+20
3.2000e+01 -1.0000e+00 -7.4527e-02 2.7485e-01 1.3488e+02 3.5846e+01 1.9559e+03 4.8086e+14 5.9220e+13 2.2946e+13 1.6384e+12 1.7193e+10 2.1067e+29 1.0590e+28 -3.0492e+27 -2.7661e+26 -2.5256e+24 1.9569e+27 3.9006e+26 2.2840e+25 1.9629e+23 6.1050e+26 4.9138e+25 3.9157e+23 4.5890e+24 3.4185e+22 2.7211e+20
3.2000e+01 -1.0000e+00 1.9607e-02 2.8413e-01 1.6881e+02 6.5979e+01 2.2589e+03 1.2282e+15 9.3767e+13 8.1296e+12 1.8621e+12 3.3464e+10 2.4354e+30 1.4108e+29 -5.1732e+27 -8.0258e+26 -9.6062e+24 8.5303e+27 -2.2140e+26 -3.7551e+25 -4.0850e+23 1.9469e+26 1.2488e+25 1.2342e+23 1.7791e+24 1.8623e+22 2.9572e+20
3.2000e+01 -1.0000e+00 -1.5965e-02 2.8173e-01 1.7186e+02 6.7223e+01 1.9684e+03 1.2970e+15 1.2038e+14 5.1918e+12 1.3176e+12 3.1063e+10 1.0680e+30 8.6725e+28 -2.0698e+27 -3.4258e+26 8.0271e+23 9.8911e+27 -1.3114e+26 -3.5663e+25 -1.1920e+23 3.5481e+25 5.9499e+24 1.8503e+22 1.3996e+24 1.0440e+22 2.3193e+20
